36
280.5
115.47
115.458,115.452,115.441,110.417
650,450
0.0150189
275,175
349.221,212.612,202.471,343.224,500.242,203.101,119.416,200.022
349.221,212.612,202.47,343.224,500.243,203.102,126.235,198.925
275,175,275,175,349.221,212.612,275,175
0.01,0.01,0.01,0.0170198
1,1,1,1
0.552246,0.145996,0.0952148,0.0698242
65,65,65,65,65,65,65,65,65,65,65,65,65,65,65,65,65,65,65,65,65,65,65,65,65,65,65,65,65,65,65,65,65,65,65,65,65,65,65,65,65,65,65,65,65,65,65,65,65,65,65,65,65,65,65,65,65,65,65,65,65,65,65,65,65,65,65,65,65