32
280.5
115.47
115.458,115.408,115.441,1.91781e-318
650,450
0.0228912
275,175
349.219,212.612,159.711,280.518,500.184,203.094,290.159,183.522
349.217,212.612,159.71,280.53,500.121,203.087,290.159,183.522
275,175,275,175,349.219,212.612,275,175
0.01,0.01,0.01,0.2
1,1,1,1
0.552246,0.19043,0.0952148,0
65,65,65,65,65,65,65,65,65,65,65,65,65,65,65,65,65,65,65,65,65,65,65,65,65,65,65,65,65,65,65,65,65,65,65,65,65,65,65,65,65,65,65,65,65,65,65,65,65,65,65,65,65,65,65,65,65,65,65,65,0,0,65,65,65,65,65,65,0