34
280.5
115.47
115.458,115.452,115.441,110.417
650,450
0.0185419
275,175
349.221,212.612,202.464,343.22,500.248,203.106,136.881,197.208
349.223,212.614,202.464,343.221,500.323,203.177,153.633,194.48
275,175,275,175,349.221,212.612,275,175
0.01,0.01,0.01,0.0446351
1,1,1,1
0.552246,0.145996,0.0952148,0.0698242
65,65,65,65,65,65,65,65,65,65,65,65,65,65,65,65,65,65,65,65,65,65,65,65,65,65,65,65,65,65,65,65,65,65,65,65,65,65,65,65,65,65,65,65,65,65,65,65,65,65,65,65,65,65,65,65,65,65,65,65,65,65,65,65,65,65,65,65,65