37
280.5
115.47
115.219,115.46,115.155,110.475
650,450
0.013517
275,175
349.486,212.806,207.548,342.088,507.521,205.78,112.753,198.742
349.486,212.806,207.548,342.088,507.521,205.78,115.219,198.381
275,175,275,175,349.486,212.806,275,175
0.01,0.01,0.01,0.01
1,1,1,1
0.539551,0.145996,0.0952148,0.0698242
65,65,65,65,65,65,65,65,65,65,65,65,65,65,65,65,65,65,65,65,65,65,65,65,65,65,65,65,65,65,65,65,65,65,65,65,65,65,65,65,65,65,65,65,65,65,65,65,65,65,65,65,65,65,65,65,65,65,65,65,65,65,65,65,65,65,65,65