32
280.5
115.47
115.219,115.46,115.155,108.085
650,450
0.0228912
275,175
349.488,212.809,207.51,342.067,507.559,205.83,161.318,191.605
349.484,212.806,161.85,278.878,507.463,205.789,194.053,210.06
275,175,275,175,349.488,212.809,275,175
0.01,0.01,0.01,0.100766
1,1,1,1
0.539551,0.152344,0.0952148,0.0507812
65,65,65,65,65,65,65,65,65,65,65,65,65,65,65,65,65,65,65,65,65,65,65,65,65,65,65,65,65,65,65,65,65,65,65,65,65,65,65,65,65,65,65,65,65,65,65,65,65,65,65,65,65,65,65,65,65,65,65,65,65,65,65,65,65,65,0,65