33
280.5
115.47
115.458,115.452,115.441,110.417
650,450
0.0206021
275,175
349.223,212.614,202.464,343.221,500.323,203.177,153.633,194.48
349.219,212.612,159.711,280.518,500.184,203.094,290.159,183.522
275,175,275,175,349.223,212.614,275,175
0.01,0.01,0.01,0.0782817
1,1,1,1
0.552246,0.165039,0.0952148,0.0507812
65,65,65,65,65,65,65,65,65,65,65,65,65,65,65,65,65,65,65,65,65,65,65,65,65,65,65,65,65,65,65,65,65,65,65,65,65,65,65,65,65,65,65,65,65,65,65,65,65,65,65,65,65,65,65,65,65,65,65,65,65,65,65,65,65,65,65,65,65