32
280.5
115.47
115.032,115.453,115.03,109.462
650,450
0.0228912
275,175
347.749,212.613,204.039,346.544,509.077,208.313,166.081,189.733
347.745,212.61,160.979,280.61,508.96,208.256,201.728,135.993
275,175,275,175,347.749,212.613,275,175
0.01,0.01,0.01,0.0989135
1,1,1,1
0.723633,0.158691,0.0888672,0.0571289
65,65,65,65,65,65,65,65,65,65,65,65,65,65,65,65,65,65,65,65,65,65,65,65,65,65,65,65,65,65,65,65,65,65,65,65,65,65,65,65,65,65,65,65,65,65,65,65,65,65,65,65,65,65,65,65,65,65,65,65,65,65,65,65,65,65,65,65,65,65,65,65,65,65,65,65,65,65,65,65,65,65