34
280.5
115.47
115.032,115.453,115.03,111.207
650,450
0.0185419
275,175
347.747,212.611,204.088,346.574,509.048,208.273,131.689,194.426
347.747,212.611,204.078,346.568,509.051,208.277,145.19,192.59
275,175,275,175,347.747,212.611,275,175
0.01,0.01,0.01,0.0315885
1,1,1,1
0.723633,0.145996,0.0888672,0.0698242
65,65,65,65,65,65,65,65,65,65,65,65,65,65,65,65,65,65,65,65,65,65,65,65,65,65,65,65,65,65,65,65,65,65,65,65,65,65,65,65,65,65,65,65,65,65,65,65,65,65,65,65,65,65,65,65,65,65,65,65,65,65,65,65,65,65,65,65,65,65,65,65,65,65,65,65,65,65,65,65,65,65