31
280.5
115.47
115.032,115.453,115.03,0
650,450
0.0254347
275,175
347.745,212.61,160.979,280.61,508.96,208.256,201.728,135.993
347.742,212.61,160.98,280.629,508.866,208.239,201.728,135.993
275,175,275,175,347.745,212.61,275,175
0.01,0.01,0.01,0.2
1,1,1,1
0.723633,0.184082,0.0888672,0
65,65,65,65,65,65,65,65,65,65,65,65,65,65,65,65,65,65,65,65,65,65,65,65,65,65,65,65,65,65,65,65,65,65,65,65,65,65,65,65,65,65,65,65,65,65,65,65,65,65,65,65,65,65,65,65,65,65,65,65,65,65,65,65,65,65,65,65,65,65,65,65,65,0,0,65,0,0,65,65,65,65