37
280.5
115.47
115.032,115.453,115.03,111.207
650,450
0.013517
275,175
347.747,212.611,204.094,346.577,509.048,208.273,115.61,196.609
347.747,212.611,204.094,346.577,509.048,208.273,117.546,196.347
275,175,275,175,347.747,212.611,275,175
0.01,0.01,0.01,0.01
1,1,1,1
0.723633,0.145996,0.0888672,0.0698242
65,65,65,65,65,65,65,65,65,65,65,65,65,65,65,65,65,65,65,65,65,65,65,65,65,65,65,65,65,65,65,65,65,65,65,65,65,65,65,65,65,65,65,65,65,65,65,65,65,65,65,65,65,65,65,65,65,65,65,65,65,65,65,65,65,65,65,65,65,65,65,65,65,65,65,65,65,65,65,65,65,65