29
280.5
115.47
115.26,115.129,115.351,112.124
650,450
0.0314009
275,175
346.099,213.362,112.908,198.963,509.234,208.057,247.546,250.639
346.055,213.305,141.131,244.677,507.2,205.417,254.969,297.278
275,175,275,175,346.099,213.362,275,175
0.01,0.01,0.01,0.114441
1,1,1,1
0.609375,0.0698242,0.0888672,0.0317383
65,65,65,65,65,65,65,65,65,65,65,65,65,65,65,65,65,65,65,65,65,65,65,65,65,65,65,65,65,65,65,65,65,65,65,65,65,65,65,65,65,65,65,65,65,65,65,65,65,65,65,65,65,65,65,65,65,65,65,65,65,65,65,65