33
280.5
115.47
115.26,115.129,115.351,112.124
650,450
0.0206021
275,175
346.057,213.304,116.442,204.753,507.26,205.361,194.925,331.941
346.057,213.305,112.056,197.642,507.274,205.38,215.835,319.857
275,175,275,175,346.057,213.304,116.442,204.753
0.01,0.01,0.01,0.0123095
1,1,1,1
0.609375,0.0698242,0.0888672,0.0317383
65,65,65,65,65,65,65,65,65,65,65,65,65,65,65,65,65,65,65,65,65,65,65,65,65,65,65,65,65,65,65,65,65,65,65,65,65,65,65,65,65,65,65,65,65,65,65,65,65,65,65,65,65,65,65,65,65,65,65,65,65,65,65,65