265.025,0.999984
265.025,0.892104
265.125,0.892043
265.225,0.891981
265.325,0.891919
265.425,0.891857
265.525,0.891796
265.625,0.891734
265.725,0.891672
265.825,0.89161
265.925,0.891549
266.025,0.891487
266.125,0.891425
266.225,0.891363
266.325,0.891302
266.425,0.89124
266.525,0.891178
266.625,0.891117
266.725,0.891055
266.825,0.890993
266.925,0.890931
267.025,0.89087
267.125,0.890808
267.225,0.890746
267.325,0.890684
267.425,0.890623
267.525,0.890561
267.625,0.890499
267.725,0.890438
267.825,0.890376
267.925,0.890314
268.025,0.890252
268.125,0.890191
268.225,0.890129
268.325,0.890067
268.425,0.890005
268.525,0.889944
268.625,0.889882
268.725,0.88982
268.825,0.889759
268.925,0.889697
269.025,0.889635
269.125,0.889573
269.225,0.889512
269.325,0.88945
269.425,0.889388
269.525,0.889326
269.625,0.889265
269.725,0.889203
269.825,0.889141
269.925,0.88908
270.025,0.889018
270.125,0.888956
270.225,0.888894
270.325,0.888833
270.425,0.888771
270.525,0.888709
270.625,0.888647
270.725,0.888586
270.825,0.888524
270.925,0.888462
271.025,0.888401
271.125,0.888339
271.225,0.888277
271.325,0.888215
271.425,0.888154
271.525,0.888092
271.625,0.88803
271.725,0.887968
271.825,0.887907
271.925,0.887845
272.025,0.887783
272.125,0.887722
272.225,0.88766
272.325,0.887598
272.425,0.887536
272.525,0.887475
272.625,0.887413
272.725,0.887351
272.825,0.887289
272.925,0.887228
273.025,0.887166
273.125,0.887104
273.225,0.887043
273.325,0.886981
273.425,0.886919
273.525,0.886857
273.625,0.886796
273.725,0.886734
273.825,0.886672
273.925,0.88661
274.025,0.886549
274.125,0.886487
274.225,0.886425
274.325,0.886363
274.425,0.886302
274.525,0.88624
274.625,0.886178
274.725,0.886117
274.825,0.886055
274.925,0.885993
275.025,0.885931
275.125,0.88587
275.225,0.885808
275.325,0.885746
275.425,0.885684
275.525,0.885623
275.625,0.885561
275.725,0.885499
275.825,0.885438
275.925,0.885376
276.025,0.885314
276.125,0.885252
276.225,0.885191
276.325,0.885129
276.425,0.885067
276.525,0.885005
276.625,0.884944
276.725,0.884882
276.825,0.88482
276.925,0.884759
277.025,0.884697
277.125,0.884635
277.225,0.884573
277.325,0.884512
277.425,0.88445
277.525,0.884388
277.625,0.884326
277.725,0.884265
277.825,0.884203
277.925,0.884141
278.025,0.88408
278.125,0.884018
278.225,0.883956
278.325,0.883894
278.425,0.883833
278.525,0.883771
278.625,0.883709
278.725,0.883647
278.825,0.883586
278.925,0.883524
279.025,0.883462
279.125,0.883401
279.225,0.883339
279.325,0.883277
279.425,0.883215
279.525,0.883154
279.625,0.883092
279.725,0.88303
279.825,0.882968
279.925,0.882907
280.025,0.882845
280.125,0.882783
280.225,0.882722
280.325,0.88266
280.425,0.882598
280.525,0.882536
280.625,0.882475
280.725,0.882413
280.825,0.882351
280.925,0.882289
281.025,0.882228
281.125,0.882166
281.225,0.882104
281.325,0.882043
281.425,0.881981
281.525,0.881919
281.625,0.881857
281.725,0.881796
281.825,0.881734
281.925,0.881672
282.025,0.88161
282.125,0.881549
282.225,0.881487
282.325,0.881425
282.425,0.881363
282.447,0.770633
282.525,0.770584
282.625,0.770522
282.725,0.770461
282.825,0.770399
282.925,0.770337
283.025,0.770275
283.125,0.770214
283.225,0.770152
283.325,0.77009
283.425,0.770029
283.525,0.769967
283.625,0.769905
283.725,0.769843
283.825,0.769782
283.925,0.76972
284.025,0.769658
284.125,0.769596
284.225,0.769535
284.325,0.769473
284.425,0.769411
284.525,0.76935
284.625,0.769288
284.725,0.769226
284.825,0.769164
284.925,0.769103
285.025,0.769041
285.125,0.768979
285.225,0.768917
285.308,0.768917
285.325,0.768856
285.425,0.768794
285.525,0.768732
285.625,0.768671
285.725,0.768609
285.825,0.768547
285.925,0.768485
286.025,0.768424
286.125,0.768362
286.225,0.7683
286.325,0.768238
286.425,0.768177
286.463,0.768174
286.525,0.768112
286.625,0.768051
286.725,0.767989
286.825,0.767927
286.925,0.767866
287.025,0.767804
287.125,0.767742
287.225,0.76768
287.325,0.767619
287.425,0.767557
287.525,0.767495
287.625,0.767433
287.725,0.767372
287.825,0.76731
287.925,0.767248
288.025,0.767187
288.125,0.767125
288.225,0.767063
288.325,0.767001
288.425,0.76694
288.525,0.766878
288.625,0.766816
288.725,0.766754
288.825,0.766693
288.925,0.766631
289.025,0.766569
289.125,0.766508
289.225,0.766446
289.325,0.766384
289.425,0.766322
289.525,0.766261
289.625,0.766199
289.725,0.766137
289.825,0.766075
289.925,0.766014
290.025,0.765952
290.125,0.76589
290.225,0.765829
290.325,0.765767
290.425,0.765705
290.525,0.765643
290.625,0.765582
290.725,0.76552
290.825,0.765458
290.925,0.765396
291.025,0.765335
291.125,0.765273
291.225,0.765211
291.325,0.76515
291.425,0.765088
291.525,0.765026
291.625,0.764964
291.725,0.764903
291.825,0.764841
291.925,0.764779
292.025,0.764717
292.125,0.764656
292.225,0.764594
292.325,0.764532
292.425,0.764471
292.525,0.764409
292.625,0.764347
292.725,0.764285
292.825,0.764224
292.925,0.764162
293.025,0.7641
293.125,0.764038
293.225,0.763977
293.325,0.763915
293.425,0.763853
293.525,0.763792
293.625,0.76373
293.725,0.763668
293.825,0.763606
293.925,0.763545
294.025,0.763483
294.125,0.763421
294.225,0.763359
294.325,0.763298
294.425,0.763236
294.525,0.763174
294.625,0.763112
294.725,0.763051
294.825,0.762989
294.925,0.762927
295.025,0.762866
295.125,0.762804
295.225,0.762742
295.325,0.76268
295.425,0.762619
295.525,0.762557
295.625,0.762495
295.725,0.762433
295.825,0.762372
295.925,0.76231
296.025,0.762248
296.125,0.762187
296.225,0.762125
296.325,0.762063
296.425,0.762001
296.525,0.76194
296.625,0.761878
296.725,0.761816
296.825,0.761754
296.925,0.761693
297.025,0.761631
297.125,0.761569
297.225,0.761508
297.325,0.761446
297.425,0.761384
297.525,0.761322
297.625,0.761261
297.725,0.761199
297.825,0.761137
297.925,0.761075
298.025,0.761014
298.125,0.760952
298.225,0.76089
298.325,0.760829
298.425,0.760767
298.525,0.760705
298.625,0.760643
298.725,0.760582
298.825,0.76052
298.925,0.760458
299.025,0.760396
299.125,0.760335
299.225,0.760273
299.325,0.760211
299.425,0.76015
299.525,0.760088
299.625,0.760026
299.725,0.759964
299.825,0.759903
299.925,0.759841
300.025,0.759779
300.125,0.759717
300.225,0.759656
300.304,0.759596
300.325,0.759534
300.425,0.759472
300.525,0.759411
300.625,0.759349
300.725,0.759287
300.825,0.759225
300.925,0.759164
301.025,0.759102
301.125,0.75904
301.225,0.758978
301.267,0.758972
301.325,0.75891
301.425,0.758849
301.525,0.758787
301.625,0.758725
301.725,0.758664
301.825,0.758602
301.925,0.75854
302.025,0.758478
302.125,0.758417
302.225,0.758355
302.325,0.758293
302.425,0.758231
302.525,0.75817
302.625,0.758108
302.725,0.758046
302.825,0.757985
302.925,0.757923
303.025,0.757861
303.125,0.757799
303.225,0.757738
303.325,0.757676
303.423,0.757657
303.425,0.757595
303.525,0.757534
303.625,0.757472
303.725,0.75741
303.734,0.757407
303.825,0.757345
303.925,0.757283
304.025,0.757222
304.125,0.75716
304.225,0.757098
304.325,0.757037
304.425,0.756975
304.525,0.756913
304.606,0.756902
304.625,0.75684
304.725,0.756778
304.825,0.756717
304.925,0.756655
305.025,0.756593
305.125,0.756531
305.225,0.75647
305.325,0.756408
305.425,0.756346
305.507,0.756333
305.525,0.756271
305.625,0.756209
305.725,0.756147
305.825,0.756086
305.925,0.756024
306.025,0.755962
306.125,0.7559
306.225,0.755839
306.325,0.755777
306.425,0.755715
306.525,0.755654
306.625,0.755592
306.725,0.75553
306.825,0.755468
306.925,0.755407
307.025,0.755345
307.125,0.755283
307.225,0.755221
307.325,0.75516
307.425,0.755098
307.52,0.755063
307.525,0.755001
307.625,0.75494
307.725,0.754878
307.825,0.754816
307.925,0.754754
308.025,0.754693
308.125,0.754631
308.225,0.754569
308.325,0.754508
308.425,0.754446
308.525,0.754384
308.625,0.754322
308.725,0.754261
308.825,0.754199
308.925,0.754137
309.025,0.754075
309.125,0.754014
309.225,0.753952
309.325,0.75389
309.425,0.753829
309.525,0.753767
309.625,0.753705
309.725,0.753643
309.825,0.753582
309.925,0.75352
310.025,0.753458
310.125,0.753396
310.225,0.753335
310.325,0.753273
310.425,0.753211
310.525,0.75315
310.625,0.753088
310.725,0.753026
310.825,0.752964
310.925,0.752903
311.025,0.752841
311.125,0.752779
311.225,0.752717
311.325,0.752656
311.425,0.752594
311.525,0.752532
311.625,0.752471
311.725,0.752409
311.825,0.752347
311.925,0.752285
312.025,0.752224
312.125,0.752162
312.225,0.7521
312.325,0.752038
312.425,0.751977
312.525,0.751915
312.625,0.751853
312.725,0.751791
312.825,0.75173
312.925,0.751668
313.025,0.751606
313.125,0.751545
313.225,0.751483
313.325,0.751421
313.425,0.751359
313.525,0.751298
313.625,0.751236
313.725,0.751174
313.825,0.751112
313.925,0.751051
314.025,0.750989
314.125,0.750927
314.225,0.750866
314.325,0.750804
314.425,0.750742
314.525,0.75068
314.625,0.750619
314.725,0.750557
314.825,0.750495
314.925,0.750433
315.025,0.750372
315.125,0.75031
315.225,0.750248
315.325,0.750187
315.425,0.750125
315.525,0.750063
315.625,0.750001
315.725,0.74994
315.825,0.749878
315.925,0.749816
316.025,0.749754
316.125,0.749693
316.225,0.749631
316.325,0.749569
316.425,0.749508
316.525,0.749446
316.625,0.749384
316.725,0.749322
316.825,0.749261
316.925,0.749199
317.025,0.749137
317.125,0.749075
317.225,0.749014
317.325,0.748952
317.425,0.74889
317.525,0.748829
317.625,0.748767
317.725,0.748705
317.825,0.748643
317.925,0.748582
318.025,0.74852
318.125,0.748458
318.225,0.748396
318.325,0.748335
318.425,0.748273
318.525,0.748211
318.625,0.74815
318.725,0.748088
318.825,0.748026
318.925,0.747964
319.025,0.747903
319.125,0.747841
319.225,0.747779
319.325,0.747717
319.425,0.747656
319.525,0.747594
319.625,0.747532
319.725,0.747471
319.825,0.747409
319.925,0.747347
320.025,0.747285
320.125,0.747224
320.225,0.747162
320.325,0.7471
320.425,0.747038
320.525,0.746977
320.625,0.746915
320.725,0.746853
320.825,0.746791
320.925,0.74673
321.025,0.746668
321.125,0.746606
321.225,0.746545
321.325,0.746483
321.425,0.746421
321.525,0.746359
321.625,0.746298
321.725,0.746236
321.825,0.746174
321.925,0.746112
322.025,0.746051
322.125,0.745989
322.225,0.745927
322.325,0.745866
322.425,0.745804
322.525,0.745742
322.625,0.74568
322.725,0.745619
322.825,0.745557
322.925,0.745495
323.025,0.745433
323.125,0.745372
323.225,0.74531
323.325,0.745248
323.425,0.745187
323.525,0.745125
323.625,0.745063
323.725,0.745001
323.825,0.74494
323.925,0.744878
324.025,0.744816
324.125,0.744754
324.225,0.744693
324.325,0.744631
324.425,0.744569
324.525,0.744508
324.625,0.744446
324.725,0.744384
324.825,0.744322
324.925,0.744261
325.025,0.744199
325.125,0.744137
325.225,0.744075
325.325,0.744014
325.425,0.743952
325.525,0.74389
325.625,0.743829
325.725,0.743767
325.825,0.743705
325.925,0.743643
326.025,0.743582
326.125,0.74352
326.225,0.743458
326.325,0.743396
326.425,0.743335
326.525,0.743273
326.625,0.743211
326.725,0.74315
326.825,0.743088
326.925,0.743026
327.025,0.742964
327.125,0.742903
327.225,0.742841
327.325,0.742779
327.425,0.742717
327.525,0.742656
327.625,0.742594
327.725,0.742532
327.825,0.742471
327.925,0.742409
328.025,0.742347
328.125,0.742285
328.225,0.742224
328.325,0.742162
328.425,0.7421
328.525,0.742038
328.625,0.741977
328.725,0.741915
328.825,0.741853
328.925,0.741791
329.025,0.74173
329.125,0.741668
329.225,0.741606
329.325,0.741545
329.425,0.741483
329.525,0.741421
329.625,0.741359
329.725,0.741298
329.825,0.741236
329.925,0.741174
330.02,0.741116
330.02,0.630385
330.12,0.630323
330.22,0.630262
330.32,0.6302
330.42,0.630138
330.52,0.630076
330.62,0.630015
330.72,0.629953
330.82,0.629891
330.92,0.62983
331.02,0.629768
331.12,0.629706
331.182,0.518845
331.22,0.518821
331.32,0.51876
331.42,0.518698
331.52,0.518636
331.62,0.518575
331.72,0.518513
331.82,0.518451
331.92,0.518389
332.02,0.518328
332.12,0.518266
332.22,0.518204
332.32,0.518142
332.42,0.518081
332.52,0.518019
332.62,0.517957
332.72,0.517895
332.82,0.517834
332.92,0.517772
333.02,0.51771
333.12,0.517649
333.22,0.517587
333.32,0.517525
333.42,0.517463
333.52,0.517402
333.62,0.51734
333.72,0.517278
333.82,0.517216
333.92,0.517155
334.02,0.517093
334.12,0.517031
334.22,0.51697
334.32,0.516908
334.42,0.516846
334.52,0.516784
334.62,0.516723
334.72,0.516661
334.82,0.516599
334.92,0.516537
335.02,0.516476
335.12,0.516414
335.22,0.516352
335.32,0.516291
335.42,0.516229
335.52,0.516167
335.62,0.516105
335.72,0.516044
335.82,0.515982
335.92,0.51592
336.02,0.515858
336.12,0.515797
336.22,0.515735
336.32,0.515673
336.42,0.515612
336.52,0.51555
336.62,0.515488
336.72,0.515426
336.82,0.515365
336.92,0.515303
337.02,0.515241
337.12,0.515179
337.22,0.515118
337.32,0.515056
337.42,0.514994
337.52,0.514933
337.62,0.514871
337.72,0.514809
337.82,0.514747
337.92,0.514686
338.02,0.514624
338.12,0.514562
338.22,0.5145
338.32,0.514439
338.42,0.514377
338.52,0.514315
338.62,0.514254
338.72,0.514192
338.82,0.51413
338.92,0.514068
339.02,0.514007
339.12,0.513945
339.22,0.513883
339.32,0.513821
339.42,0.51376
339.52,0.513698
339.62,0.513636
339.72,0.513575
339.82,0.513513
339.92,0.513451
340.02,0.513389
340.12,0.513328
340.22,0.513266
340.32,0.513204
340.42,0.513142
340.52,0.513081
340.62,0.513019
340.72,0.512957
340.82,0.512895
340.92,0.512834
341.02,0.512772
341.12,0.51271
341.22,0.512649
341.32,0.512587
341.42,0.512525
341.52,0.512463
341.62,0.512402
341.72,0.51234
341.82,0.512278
341.92,0.512216
342.02,0.512155
342.12,0.512093
342.22,0.512031
342.32,0.51197
342.42,0.511908
342.52,0.511846
342.62,0.511784
342.72,0.511723
342.82,0.511661
342.92,0.511599
343.02,0.511537
343.12,0.511476
343.22,0.511414
343.32,0.511352
343.42,0.511291
343.52,0.511229
343.62,0.511167
343.72,0.511105
343.82,0.511044
343.92,0.510982
344.02,0.51092
344.12,0.510858
344.22,0.510797
344.32,0.510735
344.42,0.510673
344.52,0.510612
344.62,0.51055
344.72,0.510488
344.82,0.510426
344.92,0.510365
345.02,0.510303
345.12,0.510241
345.22,0.510179
345.32,0.510118
345.42,0.510056
345.52,0.509994
345.62,0.509933
345.72,0.509871
345.82,0.509809
345.92,0.509747
346.02,0.509686
346.12,0.509624
346.22,0.509562
346.32,0.5095
346.42,0.509439
346.52,0.509377
346.62,0.509315
346.72,0.509254
346.82,0.509192
346.92,0.50913
347.02,0.509068
347.12,0.509007
347.22,0.508945
347.32,0.508883
347.42,0.508821
347.52,0.50876
347.62,0.508698
347.72,0.508636
347.82,0.508575
347.92,0.508513
348.02,0.508451
348.12,0.508389
348.22,0.508328
348.32,0.508266
348.42,0.508204
348.52,0.508142
348.62,0.508081
348.72,0.508019
348.82,0.507957
348.92,0.507895
349.02,0.507834
349.12,0.507772
349.22,0.50771
349.32,0.507649
349.42,0.507587
349.52,0.507525
349.62,0.507463
349.72,0.507402
349.82,0.50734
349.92,0.507278
350.02,0.507216
350.12,0.507155
350.22,0.507093
350.32,0.507031
350.42,0.50697
350.52,0.506908
350.62,0.506846
350.72,0.506784
350.82,0.506723
350.92,0.506661
351.02,0.506599
351.12,0.506537
351.22,0.506476
351.32,0.506414
351.42,0.506352
351.52,0.506291
351.62,0.506229
351.72,0.506167
351.82,0.506105
351.92,0.506044
352.02,0.505982
352.12,0.50592
352.22,0.505858
352.32,0.505797
352.42,0.505735
352.52,0.505673
352.62,0.505612
352.72,0.50555
352.82,0.505488
352.92,0.505426
353.02,0.505365
353.12,0.505303
353.22,0.505241
353.32,0.505179
353.42,0.505118
353.52,0.505056
353.62,0.504994
353.72,0.504933
353.82,0.504871
353.92,0.504809
354.02,0.504747
354.12,0.504686
354.22,0.504624
354.32,0.504562
354.42,0.5045
354.52,0.504439
354.62,0.504377
354.72,0.504315
354.82,0.504254
354.92,0.504192
355.02,0.50413
355.12,0.504068
355.22,0.504007
355.32,0.503945
355.42,0.503883
355.52,0.503821
355.62,0.50376
355.72,0.503698
355.82,0.503636
355.92,0.503575
356.02,0.503513
356.12,0.503451
356.22,0.503389
356.32,0.503328
356.42,0.503266
356.52,0.503204
356.62,0.503142
356.72,0.503081
356.82,0.503019
356.92,0.502957
357.02,0.502895
357.12,0.502834
357.22,0.502772
357.32,0.50271
357.42,0.502649
357.52,0.502587
357.62,0.502525
357.72,0.502463
357.82,0.502402
357.92,0.50234
358.02,0.502278
358.12,0.502216
358.22,0.502155
358.32,0.502093
358.42,0.502031
358.52,0.50197
358.62,0.501908
358.72,0.501846
358.82,0.501784
358.92,0.501723
359.02,0.501661
359.12,0.501599
359.22,0.501537
359.32,0.501476
359.42,0.501414
359.52,0.501352
359.62,0.501291
359.72,0.501229
359.82,0.501167
359.92,0.501105
360.02,0.501044
360.12,0.500982
360.22,0.50092
360.32,0.500858
360.42,0.500797
360.52,0.500735
360.62,0.500673
360.72,0.500612
360.82,0.50055
360.92,0.500488
361.02,0.500426
361.12,0.500365
361.22,0.500303
361.32,0.500241
361.42,0.500179
361.52,0.500118
361.62,0.500056
361.72,0.499994
361.82,0.499933
361.92,0.499871
362.02,0.499809
362.12,0.499747
362.179,0.498682
362.22,0.49862
362.32,0.498558
362.42,0.498497
362.431,0.498491
362.52,0.498429
362.62,0.498368
362.72,0.498306
362.82,0.498244
362.92,0.498182
363.02,0.498121
363.12,0.498059
363.22,0.497997
363.269,0.497977
363.32,0.497916
363.42,0.497854
363.52,0.497792
363.62,0.49773
363.72,0.497669
363.82,0.497607
363.92,0.497545
364.02,0.497483
364.12,0.497422
364.22,0.49736
364.32,0.497298
364.42,0.497237
364.52,0.497175
364.62,0.497113
364.72,0.497051
364.82,0.49699
364.92,0.496928
365.02,0.496866
365.12,0.496804
365.22,0.496743
365.32,0.496681
365.42,0.496619
365.52,0.496558
365.62,0.496496
365.72,0.496434
365.82,0.496372
365.92,0.496311
366.02,0.496249
366.12,0.496187
366.22,0.496125
366.32,0.496064
366.42,0.496002
366.52,0.495918
366.52,0.495856
366.62,0.495794
366.72,0.495732
366.82,0.495671
366.92,0.495609
367.02,0.495547
367.12,0.495485
367.22,0.495424
367.32,0.495362
367.42,0.495337
367.42,0.495275
367.52,0.495213
367.62,0.495151
367.72,0.49509
367.82,0.495028
367.92,0.494966
367.938,0.494951
368.02,0.494889
368.12,0.494827
368.22,0.494765
368.32,0.494704
368.42,0.494642
368.52,0.49458
368.62,0.494518
368.72,0.494457
368.82,0.494395
368.92,0.494333
369.02,0.494271
369.12,0.49421
369.22,0.494148
369.32,0.494086
369.42,0.494025
369.52,0.493963
369.62,0.493901
369.72,0.493839
369.82,0.493778
369.92,0.493716
370.02,0.493654
370.12,0.493592
370.22,0.493531
370.32,0.493469
370.42,0.493407
370.52,0.493346
370.62,0.493284
370.72,0.493222
370.82,0.49316
370.92,0.493099
371.02,0.493037
371.12,0.492975
371.22,0.492913
371.32,0.492852
371.42,0.49279
371.52,0.492728
371.523,0.492612
371.62,0.49255
371.72,0.492488
371.82,0.492427
371.92,0.492365
372.02,0.492303
372.12,0.492241
372.22,0.49218
372.32,0.492118
372.42,0.492056
372.52,0.491995
372.62,0.491933
372.72,0.491871
372.82,0.491809
372.92,0.491748
373.02,0.491686
373.12,0.491624
373.22,0.491562
373.32,0.491501
373.42,0.491439
373.52,0.491377
373.62,0.491316
373.72,0.491254
373.82,0.491192
373.92,0.49113
373.924,0.491047
374.02,0.490985
374.12,0.490924
374.22,0.490862
374.32,0.4908
374.42,0.490738
374.52,0.490677
374.62,0.490615
374.72,0.490553
374.82,0.490492
374.92,0.49043
375.02,0.490368
375.12,0.490306
375.22,0.490245
375.32,0.490183
375.42,0.490121
375.52,0.490059
375.62,0.489998
375.72,0.489936
375.82,0.489874
375.92,0.489813
376.02,0.489751
376.12,0.489689
376.22,0.489627
376.32,0.489566
376.42,0.489504
376.52,0.489442
376.62,0.48938
376.72,0.489319
376.82,0.489257
376.92,0.489195
377.02,0.489134
377.12,0.489072
377.22,0.48901
377.32,0.488948
377.42,0.488887
377.52,0.488825
377.62,0.488763
377.72,0.488701
377.82,0.48864
377.92,0.488578
378.02,0.488516
378.12,0.488455
378.22,0.488393
378.32,0.488331
378.42,0.488269
378.52,0.488208
378.62,0.488146
378.72,0.488084
378.82,0.488022
378.92,0.487961
379.02,0.487899
379.12,0.487837
379.22,0.487776
379.32,0.487714
379.42,0.487652
379.52,0.48759
379.62,0.487529
379.72,0.487467
379.82,0.487405
379.92,0.487343
380.02,0.487282
380.12,0.48722
380.22,0.487158
380.32,0.487097
380.42,0.487035
380.52,0.486973
380.62,0.486911
380.72,0.48685
380.82,0.486788
380.92,0.486726
381.02,0.486664
381.12,0.486603
381.22,0.486541
381.32,0.486479
381.42,0.486417
381.52,0.486356
381.62,0.486294
381.72,0.486232
381.82,0.486171
381.92,0.486109
382.02,0.486047
382.12,0.485985
382.22,0.485924
382.32,0.485862
382.42,0.4858
382.52,0.485738
382.62,0.485677
382.72,0.485615
382.743,0.48529
382.82,0.485229
382.92,0.485167
383.02,0.485105
383.12,0.485043
383.22,0.484982
383.32,0.48492
383.42,0.484858
383.52,0.484796
383.62,0.484735
383.72,0.484673
383.82,0.484611
383.833,0.484569
383.887,0.484567
383.92,0.484505
384.02,0.484443
384.12,0.484381
384.22,0.48432
384.32,0.484258
384.42,0.484196
384.52,0.484134
384.62,0.484073
384.72,0.484011
384.82,0.483949
384.92,0.483887
385.02,0.483826
385.12,0.483764
385.22,0.483702
385.32,0.483641
385.42,0.483579
385.52,0.483517
385.62,0.483455
385.72,0.483394
385.79,0.483311
385.82,0.48325
385.92,0.483188
386.02,0.483126
386.12,0.483064
386.22,0.483003
386.32,0.482941
386.42,0.482879
386.494,0.482847
386.52,0.482785
386.62,0.482724
386.72,0.482662
386.82,0.4826
386.92,0.482538
387.02,0.482477
387.12,0.482415
387.22,0.482353
387.32,0.482292
387.42,0.48223
387.52,0.482168
387.62,0.482106
387.72,0.482045
387.82,0.481983
387.92,0.481921
388.02,0.481859
388.12,0.481798
388.22,0.481736
388.32,0.481674
388.42,0.481613
388.52,0.481551
388.62,0.481489
388.72,0.481427
388.82,0.481366
388.92,0.481304
389.02,0.481242
389.12,0.48118
389.22,0.481119
389.32,0.481057
389.42,0.480995
389.427,0.480855
389.52,0.480794
389.62,0.480732
389.72,0.48067
389.82,0.480609
389.92,0.480547
390.02,0.480485
390.12,0.480423
390.22,0.480362
390.32,0.4803
390.42,0.480238
390.52,0.480176
390.62,0.480115
390.72,0.480053
390.82,0.479991
390.92,0.47993
391.02,0.479868
391.12,0.479806
391.22,0.479744
391.32,0.479683
391.42,0.479621
391.52,0.479559
391.62,0.479497
391.72,0.479436
391.82,0.479374
391.92,0.479312
392.02,0.479251
392.12,0.479189
392.22,0.479127
392.32,0.479065
392.42,0.479004
392.52,0.478942
392.62,0.47888
392.72,0.478818
392.82,0.478757
392.92,0.478695
393.02,0.478633
393.12,0.478572
393.22,0.47851
393.32,0.478448
393.42,0.478386
393.52,0.478325
393.62,0.478263
393.72,0.478201
393.82,0.478139
393.92,0.478078
394.02,0.478016
394.12,0.477954
394.22,0.477893
394.32,0.477831
394.42,0.477769
394.52,0.477707
394.62,0.477646
394.72,0.477584
394.82,0.477522
394.92,0.47746
395.01,0.477405
395.01,0.366544
395.11,0.366482
395.21,0.36642
395.31,0.366359
395.41,0.366297
395.51,0.366235
395.61,0.366174
395.71,0.366112
395.81,0.36605
395.91,0.365988
396.01,0.365927
396.11,0.365865
396.21,0.365803
396.31,0.365741
396.41,0.36568
396.51,0.365618
396.61,0.365556
396.71,0.365495
396.81,0.365433
396.91,0.365371
397.01,0.365309
397.11,0.365248
397.21,0.365186
397.31,0.365124
397.41,0.365062
397.51,0.365001
397.61,0.364939
397.71,0.364877
397.81,0.364816
397.91,0.364754
398.01,0.364692
398.11,0.36463
398.21,0.364569
398.31,0.364507
398.41,0.364445
398.51,0.364383
398.61,0.364322
398.71,0.36426
398.81,0.364198
398.91,0.364137
399.01,0.364075
399.11,0.364013
399.21,0.363951
399.31,0.36389
399.41,0.363828
399.51,0.363766
399.61,0.363704
399.71,0.363643
399.81,0.363581
399.91,0.363519
400.01,0.363457
400.11,0.363396
400.21,0.363334
400.31,0.363272
400.41,0.363211
400.51,0.363149
400.61,0.363087
400.71,0.363025
400.81,0.362964
400.91,0.362902
401.01,0.36284
401.11,0.362778
401.21,0.362717
401.31,0.362655
401.41,0.362593
401.51,0.362532
401.61,0.36247
401.71,0.362408
401.782,0.361793
401.81,0.361731
401.91,0.361669
402.01,0.361607
402.11,0.361546
402.21,0.361484
402.31,0.361422
402.41,0.36136
402.51,0.361299
402.61,0.361237
402.71,0.361175
402.81,0.361114
402.91,0.361052
403.01,0.36099
403.11,0.360928
403.21,0.360867
403.31,0.360805
403.41,0.360743
403.51,0.360681
403.61,0.36062
403.71,0.360558
403.81,0.360496
403.91,0.360435
404.01,0.360373
404.11,0.360311
404.21,0.360249
404.31,0.360188
404.41,0.360126
404.51,0.360064
404.61,0.360002
404.71,0.359941
404.81,0.359879
404.91,0.359817
405.01,0.359756
405.11,0.359694
405.21,0.359632
405.31,0.35957
405.41,0.359509
405.447,0.359318
405.51,0.359256
405.61,0.359195
405.71,0.359133
405.81,0.359071
405.91,0.359009
406.01,0.358948
406.11,0.358886
406.21,0.358824
406.31,0.358763
406.41,0.358701
406.51,0.358639
406.61,0.358577
406.71,0.358516
406.81,0.358454
406.91,0.358392
407.01,0.35833
407.11,0.358269
407.21,0.358207
407.31,0.358145
407.41,0.358084
407.51,0.358022
407.61,0.35796
407.71,0.357898
407.81,0.357837
407.91,0.357775
408.01,0.357713
408.11,0.357651
408.21,0.35759
408.31,0.357528
408.41,0.357466
408.51,0.357405
408.61,0.357343
408.71,0.357281
408.81,0.357219
408.91,0.357158
409.01,0.357096
409.11,0.357034
409.21,0.356972
409.31,0.356911
409.41,0.356849
409.51,0.356787
409.61,0.356726
409.71,0.356664
409.81,0.356602
409.91,0.35654
410.01,0.356479
410.11,0.356417
410.21,0.356355
410.31,0.356293
410.41,0.356232
410.51,0.35617
410.61,0.356108
410.71,0.356047
410.81,0.355985
410.859,0.355692
410.91,0.35563
411.01,0.355568
411.11,0.355506
411.21,0.355445
411.31,0.355383
411.41,0.355321
411.51,0.35526
411.61,0.355198
411.71,0.355136
411.81,0.355074
411.91,0.355013
412.01,0.354951
412.11,0.354889
412.21,0.354827
412.31,0.354766
412.41,0.354704
412.51,0.354642
412.61,0.354581
412.71,0.354519
412.81,0.354457
412.91,0.354395
413.01,0.354334
413.11,0.354272
413.21,0.35421
413.31,0.354148
413.41,0.354087
413.51,0.354025
413.61,0.353963
413.71,0.353902
413.81,0.35384
413.91,0.353778
414.01,0.353716
414.11,0.353655
414.21,0.353593
414.31,0.353531
414.41,0.353469
414.51,0.353408
414.61,0.353346
414.71,0.353284
414.81,0.353223
414.91,0.353161
414.981,0.2401
415.01,0.240082
415.11,0.240021
415.21,0.239959
415.31,0.239897
415.41,0.239835
415.51,0.239774
415.61,0.239712
415.71,0.23965
415.81,0.239589
415.91,0.239527
416.01,0.239465
416.11,0.239403
416.21,0.239342
416.31,0.23928
416.41,0.239218
416.51,0.239156
416.61,0.239095
416.71,0.239033
416.81,0.238971
416.91,0.238909
417.01,0.238848
417.11,0.238786
417.21,0.238724
417.31,0.238663
417.41,0.238601
417.51,0.238539
417.61,0.238477
417.71,0.238416
417.81,0.238354
417.91,0.238292
418.01,0.23823
418.11,0.238169
418.21,0.238107
418.31,0.238045
418.41,0.237984
418.51,0.237922
418.61,0.23786
418.71,0.237798
418.81,0.237737
418.91,0.237675
419.01,0.237613
419.11,0.237551
419.21,0.23749
419.31,0.237428
419.41,0.237366
419.51,0.237305
419.61,0.237243
419.71,0.237181
419.81,0.237119
419.91,0.237058
420.01,0.236996
420.11,0.236934
420.21,0.236872
420.31,0.236811
420.41,0.236749
420.51,0.236687
420.61,0.236626
420.71,0.236564
420.81,0.236502
420.91,0.23644
421.01,0.236379
421.11,0.236317
421.21,0.236255
421.31,0.236193
421.41,0.236132
421.51,0.23607
421.61,0.236008
421.71,0.235947
421.81,0.235885
421.91,0.235823
422.01,0.235761
422.11,0.2357
422.21,0.235638
422.31,0.235576
422.41,0.235514
422.51,0.235453
422.61,0.235391
422.71,0.235329
422.81,0.235268
422.91,0.235206
423.01,0.235144
423.11,0.235082
423.21,0.235021
423.31,0.234959
423.41,0.234897
423.51,0.234835
423.61,0.234774
423.71,0.234712
423.81,0.23465
423.91,0.234589
424.01,0.234527
424.11,0.234465
424.21,0.234403
424.31,0.234342
424.41,0.23428
424.51,0.234218
424.61,0.234156
424.71,0.234095
424.81,0.234033
424.91,0.233971
425.01,0.233909
425.11,0.233848
425.21,0.233786
425.31,0.233724
425.41,0.233663
425.51,0.233601
425.61,0.233539
425.71,0.233477
425.81,0.233416
425.91,0.233354
426.01,0.233292
426.11,0.23323
426.21,0.233169
426.31,0.233107
426.41,0.233045
426.51,0.232984
426.61,0.232922
426.71,0.23286
426.81,0.232798
426.91,0.232737
427.01,0.232675
427.11,0.232613
427.21,0.232551
427.31,0.23249
427.41,0.232428
427.51,0.232366
427.61,0.232305
427.71,0.232243
427.81,0.232181
427.91,0.232119
428.01,0.232058
428.11,0.231996
428.21,0.231934
428.31,0.231872
428.41,0.231811
428.51,0.231749
428.61,0.231687
428.71,0.231626
428.81,0.231564
428.91,0.231502
429.01,0.23144
429.11,0.231379
429.21,0.231317
429.31,0.231255
429.41,0.231193
429.51,0.231132
429.61,0.23107
429.71,0.231008
429.81,0.230947
429.91,0.230885
430.01,0.230823
430.11,0.230761
430.21,0.2307
430.31,0.230638
430.41,0.230576
430.51,0.230514
430.61,0.230453
430.71,0.230391
430.81,0.230329
430.91,0.230268
431.01,0.230206
431.11,0.230144
431.21,0.230082
431.31,0.230021
431.41,0.229959
431.51,0.229897
431.61,0.229835
431.71,0.229774
431.81,0.229712
431.91,0.22965
432.01,0.229589
432.11,0.229527
432.21,0.229465
432.31,0.229403
432.41,0.229342
432.51,0.22928
432.61,0.229218
432.71,0.229156
432.81,0.229095
432.91,0.229033
433.01,0.228971
433.11,0.228909
433.21,0.228848
433.31,0.228786
433.41,0.228724
433.51,0.228663
433.61,0.228601
433.71,0.228539
433.81,0.228477
433.91,0.228416
434.01,0.228354
434.11,0.228292
434.21,0.22823
434.31,0.228169
434.41,0.228107
434.51,0.228045
434.61,0.227984
434.71,0.227922
434.81,0.22786
434.91,0.227798
435.01,0.227737
435.11,0.227675
435.21,0.227613
435.31,0.227551
435.41,0.22749
435.51,0.227428
435.61,0.227366
435.71,0.227305
435.81,0.227243
435.91,0.227181
436.01,0.227119
436.11,0.227058
436.21,0.226996
436.31,0.226934
436.41,0.226872
436.51,0.226811
436.61,0.226749
436.71,0.226687
436.81,0.226626
436.91,0.226564
437.01,0.226502
437.11,0.22644
437.21,0.226379
437.31,0.226317
437.41,0.226255
437.51,0.226193
437.61,0.226132
437.71,0.22607
437.81,0.226008
437.91,0.225947
438.01,0.225885
438.11,0.225823
438.21,0.225761
438.31,0.2257
438.41,0.225638
438.51,0.225576
438.61,0.225514
438.71,0.225453
438.81,0.225391
438.91,0.225329
439.01,0.225268
439.11,0.225206
439.21,0.225144
439.31,0.225082
439.41,0.225021
439.51,0.224959
439.61,0.224897
439.71,0.224835
439.81,0.224774
439.91,0.224712
440.01,0.22465
440.11,0.224589
440.21,0.224527
440.31,0.224465
440.41,0.224403
440.51,0.224342
440.61,0.22428
440.71,0.224218
440.81,0.224156
440.91,0.224095
441.01,0.224033
441.11,0.223971
441.21,0.223909
441.31,0.223848
441.41,0.223786
441.51,0.223724
441.61,0.223663
441.71,0.223601
441.81,0.223539
441.91,0.223477
442.01,0.223416
442.11,0.223354
442.21,0.223292
442.31,0.22323
442.41,0.223169
442.51,0.223107
442.61,0.223045
442.71,0.222984
442.81,0.222922
442.91,0.22286
443.01,0.222798
443.11,0.222737
443.21,0.222675
443.31,0.222613
443.41,0.222551
443.51,0.22249
443.61,0.222428
443.71,0.222366
443.81,0.222305
443.91,0.222243
444.01,0.222181
444.11,0.222119
444.21,0.222058
444.31,0.221996
444.41,0.221934
444.51,0.221872
444.61,0.221811
444.71,0.221749
444.81,0.221687
444.91,0.221626
445.01,0.221564
445.11,0.221502
445.21,0.22144
445.31,0.221379
445.41,0.221317
445.51,0.221255
445.61,0.221193
445.71,0.221132
445.81,0.22107
445.91,0.221008
446.01,0.220947
446.11,0.220885
446.21,0.220823
446.31,0.220761
446.41,0.2207
446.51,0.220638
446.61,0.220576
446.71,0.220514
446.81,0.220453
446.91,0.220391
447.01,0.220329
447.11,0.220268
447.21,0.220206
447.31,0.220144
447.41,0.220082
447.51,0.220021
447.61,0.219959
447.71,0.219897
447.81,0.219835
447.91,0.219774
448.01,0.219712
448.11,0.21965
448.21,0.219589
448.31,0.219527
448.41,0.219465
448.51,0.219403
448.61,0.219342
448.71,0.21928
448.81,0.219218
448.91,0.219156
449.01,0.219095
449.11,0.219033
449.21,0.218971
449.31,0.218909
449.41,0.218848
449.51,0.218786
449.61,0.218724
449.71,0.218663
449.81,0.218601
449.91,0.218539
450.01,0.218477
450.11,0.218416
450.21,0.218354
450.31,0.218292
450.41,0.21823
450.51,0.218169
450.61,0.218107
450.71,0.218045
450.81,0.217984
450.91,0.217922
451.01,0.21786
451.11,0.217798
451.21,0.217737
451.31,0.217675
451.41,0.217613
451.51,0.217551
451.61,0.21749
451.71,0.217428
451.81,0.217366
451.91,0.217305
452.01,0.217243
452.11,0.217181
452.21,0.217119
452.31,0.217058
452.41,0.216996
452.51,0.216934
452.61,0.216872
452.71,0.216811
452.81,0.216749
452.91,0.216687
453.01,0.216626
453.11,0.216564
453.21,0.216502
453.31,0.21644
453.41,0.216379
453.51,0.216317
453.61,0.216255
453.71,0.216193
453.81,0.216132
453.91,0.21607
454.01,0.216008
454.11,0.215947
454.21,0.215885
454.31,0.215823
454.41,0.215761
454.51,0.2157
454.61,0.215638
454.71,0.215576
454.81,0.215514
454.91,0.215453
455.01,0.215391
455.11,0.215329
455.21,0.215268
455.31,0.215206
455.41,0.215144
455.51,0.215082
455.61,0.215021
455.71,0.214959
455.81,0.214897
455.91,0.214835
456.01,0.214774
456.11,0.214712
456.21,0.21465
456.31,0.214589
456.41,0.214527
456.51,0.214465
456.61,0.214403
456.71,0.214342
456.81,0.21428
456.91,0.214218
457.01,0.214156
457.11,0.214095
457.21,0.214033
457.31,0.213971
457.41,0.213909
457.51,0.213848
457.61,0.213786
457.71,0.213724
457.81,0.213663
457.91,0.213601
458.01,0.213539
458.11,0.213477
458.21,0.213416
458.31,0.213354
458.41,0.213292
458.51,0.21323
458.61,0.213169
458.71,0.213107
458.81,0.213045
458.91,0.212984
459.01,0.212922
459.11,0.21286
459.21,0.212798
459.31,0.212737
459.41,0.212675
459.51,0.212613
459.61,0.212551
459.71,0.21249
459.81,0.212428
459.91,0.212366
460.005,0.212308
460.005,0.099247
460.105,0.0991852
460.205,0.0991235
460.305,0.0990618
460.405,0.0990001
460.505,0.0989383
460.605,0.0988766
460.705,0.0988149
460.805,0.0987531
460.905,0.0986914
461.005,0.0986297
461.105,0.098568
461.205,0.0985062
461.305,0.0984445
461.405,0.0983828
461.505,0.098321
461.605,0.0982593
461.705,0.0981976
461.805,0.0981359
461.905,0.0980741
462.005,0.0980124
462.105,0.0979507
462.205,0.0978889
462.305,0.0978272
462.405,0.0977655
462.505,0.0977038
462.605,0.097642
462.705,0.0975803
462.805,0.0975186
462.905,0.0974568
463.005,0.0973951
463.105,0.0973334
463.205,0.0972717
463.305,0.0972099
463.405,0.0971482
463.505,0.0970865
463.605,0.0970247
463.705,0.096963
463.805,0.0969013
463.905,0.0968396
464.005,0.0967778
464.105,0.0967161
464.205,0.0966544
464.305,0.0965926
464.405,0.0965309
464.505,0.0964692
464.605,0.0964075
464.705,0.0963457
464.805,0.096284
464.905,0.0962223
465.005,0.0961605
465.105,0.0960988
465.205,0.0960371
465.305,0.0959754
465.405,0.0959136
465.505,0.0958519
465.605,0.0957902
465.705,0.0957284
465.805,0.0956667
465.905,0.095605
466.005,0.0955433
466.105,0.0954815
466.205,0.0954198
466.305,0.0953581
466.405,0.0952963
466.505,0.0952346
466.605,0.0951729
466.705,0.0951112
466.805,0.0950494
466.905,0.0949877
467.005,0.094926
467.105,0.0948642
467.152,0.0916938
467.152,0.0916938
467.152,0.0916938
467.152,0.0916938
467.152,0.0916938
467.152,0.0916938
467.152,0.0916938
467.152,0.0916938
467.152,0.0916938
467.152,0.0916938
467.152,0.0916938
467.152,0.0916938
467.152,0.0916938
467.152,0.0916938
467.152,0.0916938
467.152,0
467.205,0
467.305,0
467.405,0
467.505,0
467.605,0
467.705,0
467.805,0
467.905,0
468.005,0
468.105,0
468.205,0
468.305,0
468.405,0
468.505,0
468.605,0
468.705,0
468.805,0
468.905,0
469.005,0
469.105,0
469.205,0
469.305,0
469.405,0
469.505,0
469.605,0
469.705,0
469.805,0
469.905,0
470.005,0
470.105,0
470.205,0
470.305,0
470.405,0
470.505,0
470.605,0
470.705,0
470.805,0
470.905,0
471.005,0
471.105,0
471.205,0
471.305,0
471.405,0
471.505,0
471.605,0
471.705,0
471.805,0
471.905,0
472.005,0
472.105,0
472.205,0
472.305,0
472.405,0
472.505,0
472.605,0
472.705,0
472.805,0
472.905,0
473.005,0
473.105,0
473.205,0
473.305,0
473.405,0
473.505,0
473.605,0
473.705,0
473.805,0
473.905,0
474.005,0
474.105,0
474.205,0
474.305,0
474.405,0
474.505,0
474.605,0
474.705,0
474.805,0
474.905,0
475.005,0
475.105,0
475.205,0
475.305,0
475.405,0
475.505,0
475.605,0
475.705,0
475.805,0
475.905,0
476.005,0
476.105,0
476.205,0
476.305,0
476.405,0
476.505,0
476.605,0
476.705,0
476.805,0
476.905,0
477.005,0
477.105,0
477.205,0
477.305,0
477.405,0
477.505,0
477.605,0
477.705,0
477.805,0
477.905,0
478.005,0
478.105,0
478.205,0
478.305,0
478.405,0
478.505,0
478.605,0
478.705,0
478.805,0
478.905,0
479.005,0
479.105,0
479.205,0
479.305,0
479.405,0
479.505,0
479.605,0
479.705,0
479.805,0
479.905,0
480.005,0
480.105,0
480.205,0
480.305,0
480.405,0
480.505,0
480.605,0
480.705,0
480.805,0
480.905,0
481.005,0
481.105,0
481.205,0
481.305,0
481.405,0
481.505,0
481.605,0
481.705,0
481.805,0
481.905,0
482.005,0
482.105,0
482.205,0
482.305,0
482.405,0
482.505,0
482.605,0
482.705,0
482.805,0
482.905,0
483.005,0
483.105,0
483.205,0
483.305,0
483.405,0
483.505,0
483.605,0
483.705,0
483.805,0
483.905,0
484.005,0
484.105,0
484.205,0
484.305,0
484.405,0
484.505,0
484.605,0
484.705,0
484.805,0
484.905,0
485.005,0
485.105,0
485.205,0
485.305,0
485.405,0
485.505,0
485.605,0
485.705,0
485.805,0
485.905,0
486.005,0
486.105,0
486.205,0
486.305,0
486.405,0
486.505,0
486.605,0
486.705,0
486.805,0
486.905,0
487.005,0
487.105,0
487.205,0
487.305,0
487.405,0
487.505,0
487.605,0
487.705,0
487.805,0
487.905,0
488.005,0
488.105,0
488.205,0
488.305,0
488.405,0
488.505,0
488.605,0
488.705,0
488.805,0
488.905,0
489.005,0
489.105,0
489.205,0
489.305,0
489.405,0
489.505,0
489.605,0
489.705,0
489.805,0
489.905,0
490.005,0
490.105,0
490.205,0
490.305,0
490.405,0
490.505,0
490.605,0
490.705,0
490.805,0
490.905,0
491.005,0
491.105,0
491.205,0
491.305,0
491.405,0
491.505,0
491.605,0
491.705,0
491.805,0
491.905,0
492.005,0
492.105,0
492.205,0
492.305,0
492.405,0
492.505,0
492.605,0
492.705,0
492.805,0
492.905,0
493.005,0
493.105,0
493.205,0
493.305,0
493.405,0
493.505,0
493.605,0
493.705,0
493.805,0
493.905,0
494.005,0
494.105,0
494.205,0
494.305,0
494.405,0
494.505,0
494.605,0
494.705,0
494.805,0
494.905,0
495.005,0
495.105,0
495.205,0
495.305,0
495.405,0
495.505,0
495.605,0
495.705,0
495.805,0
495.905,0
496.005,0
496.105,0
496.205,0
496.305,0
496.405,0
496.505,0
496.605,0
496.705,0
496.805,0
496.905,0
497.005,0
497.105,0
497.205,0
497.305,0
497.405,0
497.505,0
497.605,0
497.705,0
497.805,0
497.905,0
498.005,0
498.105,0
498.205,0
498.305,0
498.405,0
498.505,0
498.605,0
498.705,0
498.805,0
498.905,0
499.005,0
499.105,0
499.205,0
499.305,0
499.405,0
499.505,0
499.605,0
499.705,0
499.805,0
499.905,0
500.005,0
500.105,0
500.205,0
500.305,0
500.405,0
500.505,0
500.605,0
500.705,0
500.805,0
500.905,0
501.005,0
501.105,0
501.205,0
501.305,0
501.405,0
501.505,0
501.605,0
501.705,0
501.805,0
501.905,0
502.005,0
502.105,0
502.205,0
502.305,0
502.405,0
502.505,0
502.605,0
502.705,0
502.805,0
502.905,0
503.005,0
503.105,0
503.205,0
503.305,0
503.405,0
503.505,0
503.605,0
503.705,0
503.805,0
503.905,0
504.005,0
504.105,0
504.205,0
504.305,0
504.405,0
504.505,0
504.605,0
504.705,0
504.805,0
504.905,0
505.005,0
505.105,0
505.205,0
505.305,0
505.405,0
505.505,0
505.605,0
505.705,0
505.805,0
505.905,0
506.005,0
506.105,0
506.205,0
506.305,0
506.405,0
506.505,0
506.605,0
506.705,0
506.805,0
506.905,0
507.005,0
507.105,0
507.205,0
507.305,0
507.405,0
507.505,0
507.605,0
507.705,0
507.805,0
507.905,0
508.005,0
508.105,0
508.205,0
508.305,0
508.405,0
508.505,0
508.605,0
508.705,0
508.805,0
508.905,0
509.005,0
509.105,0
509.205,0
509.305,0
509.405,0
509.505,0
509.605,0
509.705,0
509.805,0
509.905,0
510.005,0
510.105,0
510.205,0
510.305,0
510.405,0
510.505,0
510.605,0
510.705,0
510.805,0
510.905,0
511.005,0
511.105,0
511.205,0
511.305,0
511.405,0
511.505,0
511.605,0
511.705,0
511.805,0
511.905,0
512.005,0
512.105,0
512.205,0
512.305,0
512.405,0
512.505,0
512.605,0
512.705,0
512.805,0
512.905,0
513.005,0
513.105,0
513.205,0
513.305,0
513.405,0
513.505,0
513.605,0
513.705,0
513.805,0
513.905,0
514.005,0
514.105,0
514.205,0
514.305,0
514.405,0
514.505,0
514.605,0
514.705,0
514.805,0
514.905,0
515.005,0
515.105,0
515.205,0
515.305,0
515.405,0
515.505,0
515.605,0
515.705,0
515.805,0
515.905,0
516.005,0
516.105,0
516.205,0
516.305,0
516.405,0
516.505,0
516.605,0
516.705,0
516.805,0
516.905,0
517.005,0
517.105,0
517.205,0
517.305,0
517.405,0
517.505,0
517.605,0
517.705,0
517.805,0
517.905,0
518.005,0
518.105,0
518.205,0
518.305,0
518.405,0
518.505,0
518.605,0
518.705,0
518.805,0
518.905,0
519.005,0
519.105,0
519.205,0
519.305,0
519.405,0
519.505,0
519.605,0
519.705,0
519.805,0
519.905,0
520.005,0
520.105,0
520.205,0
520.305,0
520.405,0
520.505,0
520.605,0
520.705,0
520.805,0
520.905,0
521.005,0
521.105,0
521.205,0
521.305,0
521.405,0
521.505,0
521.605,0
521.705,0
521.805,0
521.905,0
522.005,0
522.105,0
522.205,0
522.305,0
522.405,0
522.505,0
522.605,0
522.705,0
522.805,0
522.905,0
523.005,0
523.105,0
523.205,0
523.305,0
523.405,0
523.505,0
523.605,0
523.705,0
523.805,0
523.905,0
524.005,0
524.105,0
524.205,0
524.305,0
524.405,0
524.505,0
524.605,0
524.705,0
524.805,0
524.905,0
525.001,0
525.001,0
525.101,0
525.201,0
525.301,0
525.401,0
525.501,0
525.601,0
525.701,0
525.801,0
525.901,0
526.001,0
526.101,0
526.201,0
526.301,0
526.401,0
526.501,0
526.601,0
526.701,0
526.801,0
526.901,0
527.001,0
527.101,0
527.201,0
527.301,0
527.401,0
527.501,0
527.601,0
527.701,0
527.801,0
527.901,0
528.001,0
528.101,0
528.201,0
528.301,0
528.401,0
528.501,0
528.601,0
528.701,0
528.801,0
528.901,0
529.001,0
529.101,0
529.201,0
529.301,0
529.401,0
529.501,0
529.601,0
529.701,0
529.801,0
529.901,0
530.001,0
530.101,0
530.201,0
530.301,0
530.401,0
530.501,0
530.601,0
530.701,0
530.801,0
530.901,0
531.001,0
531.101,0
531.201,0
531.301,0
531.401,0
531.501,0
531.601,0
531.701,0
531.801,0
531.901,0
532.001,0
532.101,0
532.201,0
532.301,0
532.401,0
532.501,0
532.601,0
532.701,0
532.801,0
532.901,0
533.001,0
533.101,0
533.201,0
533.301,0
533.401,0
533.501,0
533.601,0
533.701,0
533.801,0
533.901,0
534.001,0
534.101,0
534.201,0
534.301,0
534.401,0
534.501,0
534.601,0
534.701,0
534.801,0
534.901,0
535.001,0
535.101,0
535.201,0
535.301,0
535.401,0
535.501,0
535.601,0
535.701,0
535.801,0
535.901,0
536.001,0
536.101,0
536.201,0
536.301,0
536.401,0
536.501,0
536.601,0
536.701,0
536.801,0
536.901,0
537.001,0
537.101,0
537.201,0
537.301,0
537.401,0
537.501,0
537.601,0
537.701,0
537.801,0
537.901,0
538.001,0
538.101,0
538.201,0
538.301,0
538.401,0
538.501,0
538.601,0
538.701,0
538.801,0
538.901,0
539.001,0
539.101,0
539.201,0
539.301,0
539.343,0
539.401,0
539.501,0
539.601,0
539.701,0
539.801,0
539.901,0
540.001,0
540.101,0
540.201,0
540.301,0
540.401,0
540.501,0
540.601,0
540.701,0
540.801,0
540.901,0
541.001,0
541.101,0
541.201,0
541.301,0
541.401,0
541.501,0
541.601,0
541.701,0
541.801,0
541.901,0
542.001,0
542.101,0
542.201,0
542.301,0
542.401,0
542.501,0
542.601,0
542.701,0
542.801,0
542.901,0
543.001,0
543.101,0
543.201,0
543.301,0
543.401,0
543.501,0
543.601,0
543.701,0
543.801,0
543.901,0
544.001,0
544.101,0
544.201,0
544.301,0
544.401,0
544.501,0
544.601,0
544.701,0
544.801,0
544.901,0
545.001,0
545.101,0
545.201,0
545.301,0
545.401,0
545.501,0
545.601,0
545.701,0
545.801,0
545.901,0
546.001,0
546.101,0
546.201,0
546.301,0
546.401,0
546.501,0
546.601,0
546.701,0
546.801,0
546.901,0
547.001,0
547.101,0
547.201,0
547.301,0
547.401,0
547.501,0
547.601,0
547.701,0
547.801,0
547.901,0
548.001,0
548.101,0
548.201,0
548.301,0
548.401,0
548.501,0
548.601,0
548.701,0
548.801,0
548.901,0
549.001,0
549.101,0
549.201,0
549.301,0
549.401,0
549.501,0
549.601,0
549.701,0
549.801,0
549.901,0
550.001,0
550.101,0
550.201,0
550.301,0
550.401,0
550.501,0
550.601,0
550.701,0
550.801,0
550.901,0
551.001,0
551.101,0
551.201,0
551.301,0
551.401,0
551.501,0
551.601,0
551.701,0
551.801,0
551.901,0
552.001,0
552.101,0
552.201,0
552.301,0
552.401,0
552.501,0
552.601,0
552.701,0
552.801,0
552.901,0
553.001,0
553.101,0
553.201,0
553.301,0
553.401,0
553.501,0
553.601,0
553.701,0
553.801,0
553.901,0
554.001,0
554.101,0
554.201,0
554.301,0
554.401,0
554.501,0
554.601,0
554.701,0
554.801,0
554.901,0
555.001,0
555.101,0
555.201,0
555.301,0
555.401,0
555.501,0
555.601,0
555.701,0
555.801,0
555.901,0
556.001,0
556.101,0
556.201,0
556.301,0
556.401,0
556.501,0
556.601,0
556.701,0
556.801,0
556.901,0
557.001,0
557.101,0
557.201,0
557.301,0
557.401,0
557.501,0
557.601,0
557.701,0
557.801,0
557.901,0
558.001,0
558.101,0
558.201,0
558.301,0
558.401,0
558.501,0
558.601,0
558.701,0
558.801,0
558.901,0
559.001,0
559.101,0
559.201,0
559.301,0
559.401,0
559.501,0
559.601,0
559.701,0
559.801,0
559.901,0
560.001,0
560.101,0
560.201,0
560.301,0
560.401,0
560.501,0
560.601,0
560.701,0
560.801,0
560.901,0
561.001,0
561.101,0
561.201,0
561.301,0
561.401,0
561.501,0
561.601,0
561.701,0
561.801,0
561.901,0
562.001,0
562.101,0
562.201,0
562.301,0
562.401,0
562.501,0
562.601,0
562.701,0
562.801,0
562.901,0
563.001,0
563.101,0
563.201,0
563.301,0
563.401,0
563.501,0
563.601,0
563.701,0
563.801,0
563.901,0
564.001,0
564.101,0
564.201,0
564.301,0
564.401,0
564.501,0
564.601,0
564.701,0
564.801,0
564.901,0
565.001,0
565.101,0
565.201,0
565.301,0
565.401,0
565.501,0
565.601,0
565.701,0
565.801,0
565.901,0
566.001,0
566.101,0
566.201,0
566.301,0
566.401,0
566.416,0
566.416,0
566.416,0
566.416,0
566.501,0
566.601,0
566.701,0
566.801,0
566.901,0
567.001,0
567.101,0
567.201,0
567.301,0
567.401,0
567.501,0
567.601,0
567.701,0
567.801,0
567.901,0
568.001,0
568.101,0
568.201,0
568.301,0
568.401,0
568.501,0
568.601,0
568.701,0
568.801,0
568.901,0
569.001,0
569.101,0
569.201,0
569.301,0
569.401,0
569.501,0
569.601,0
569.701,0
569.801,0
569.901,0
570.001,0
570.101,0
570.201,0
570.301,0
570.401,0
570.501,0
570.601,0
570.701,0
570.801,0
570.901,0
571.001,0
571.101,0
571.201,0
571.301,0
571.401,0
571.501,0
571.601,0
571.701,0
571.801,0
571.901,0
572.001,0
572.101,0
572.201,0
572.301,0
572.401,0
572.501,0
572.601,0
572.701,0
572.801,0
572.901,0
573.001,0
573.101,0
573.201,0
573.301,0
573.401,0
573.501,0
573.601,0
573.701,0
573.801,0
573.901,0
574.001,0
574.101,0
574.201,0
574.301,0
574.401,0
574.501,0
574.601,0
574.701,0
574.801,0
574.901,0
575.001,0
575.101,0
575.201,0
575.301,0
575.401,0
575.501,0
575.601,0
575.701,0
575.801,0
575.901,0
576.001,0
576.101,0
576.201,0
576.301,0
576.401,0
576.501,0
576.601,0
576.701,0
576.801,0
576.901,0
577.001,0
577.101,0
577.201,0
577.301,0
577.401,0
577.501,0
577.601,0
577.701,0
577.801,0
577.901,0
578.001,0
578.101,0
578.201,0
578.301,0
578.401,0
578.501,0
578.601,0
578.701,0
578.801,0
578.901,0
579.001,0
579.101,0
579.201,0
579.301,0
579.401,0
579.501,0
579.601,0
579.701,0
579.801,0
579.901,0
580.001,0
580.101,0
580.201,0
580.301,0
580.401,0
580.501,0
580.601,0
580.701,0
580.801,0
580.901,0
581.001,0
581.101,0
581.201,0
581.301,0
581.401,0
581.501,0
581.601,0
581.701,0
581.801,0
581.901,0
582.001,0
582.101,0
582.201,0
582.301,0
582.401,0
582.501,0
582.601,0
582.701,0
582.801,0
582.901,0
583.001,0
583.101,0
583.201,0
583.301,0
583.401,0
583.501,0
583.601,0
583.701,0
583.801,0
583.901,0
584.001,0
584.101,0
584.201,0
584.301,0
584.401,0
584.501,0
584.601,0
584.701,0
584.801,0
584.901,0
585.001,0
585.101,0
585.201,0
585.301,0
585.401,0
585.501,0
585.601,0
585.701,0
585.801,0
585.901,0
586.001,0
586.101,0
586.201,0
586.301,0
586.401,0
586.501,0
586.601,0
586.701,0
586.801,0
586.901,0
587.001,0
587.101,0
587.201,0
587.301,0
587.401,0
587.501,0
587.601,0
587.701,0
587.801,0
587.901,0
588.001,0
588.101,0
588.201,0
588.301,0
588.401,0
588.501,0
588.601,0
588.701,0
588.801,0
588.901,0
589.001,0
589.101,0
589.201,0
589.301,0
589.401,0
589.501,0
589.601,0
589.701,0
589.801,0
589.901,0
590.001,0
590.101,0
590.201,0
590.301,0
590.401,0
590.501,0
590.601,0
590.701,0
590.801,0
590.901,0
591.001,0
591.101,0
591.201,0
591.301,0
591.401,0
591.501,0
591.601,0
591.701,0
591.801,0
591.901,0
592.001,0
592.101,0
592.201,0
592.301,0
592.401,0
592.501,0
592.601,0
592.701,0
592.801,0
592.901,0
593.001,0
593.101,0
593.201,0
593.301,0
593.401,0
593.501,0
593.601,0
593.701,0
593.801,0
593.901,0
594.001,0
594.101,0
594.201,0
594.301,0
594.401,0
594.501,0
594.601,0
594.701,0
594.801,0
594.901,0
595.001,0
595.101,0
595.201,0
595.301,0
595.401,0
595.501,0
595.601,0
595.701,0
595.801,0
595.901,0
596.001,0
596.101,0
596.201,0
596.301,0
596.401,0
596.501,0
596.601,0
596.701,0
596.801,0
596.901,0
597.001,0
597.101,0
597.201,0
597.301,0
597.401,0
597.501,0
597.601,0
597.701,0
597.801,0
597.901,0
598.001,0
598.101,0
598.201,0
598.301,0
598.401,0
598.501,0
598.601,0
598.701,0
598.801,0
598.901,0
599.001,0
599.101,0
599.201,0
599.301,0
599.401,0
599.501,0
599.601,0
599.701,0
599.801,0
599.901,0
600.001,0
600.101,0
600.201,0
600.301,0
600.401,0
600.501,0
600.601,0
600.701,0
600.801,0
600.901,0
601.001,0
601.101,0
601.201,0
601.301,0
601.401,0
601.501,0
601.601,0
601.701,0
601.801,0
601.901,0
602.001,0
602.101,0
602.201,0
602.301,0
602.401,0
602.501,0
602.601,0
602.701,0
602.801,0
602.901,0
603.001,0
603.101,0
603.201,0
603.301,0
603.401,0
603.501,0
603.601,0
603.701,0
603.801,0
603.901,0
604.001,0
604.101,0
604.201,0
604.301,0
604.401,0
604.501,0
604.601,0
604.701,0
604.801,0
604.901,0
605.001,0
605.101,0
605.201,0
605.301,0
605.401,0
605.501,0
605.601,0
605.701,0
605.801,0
605.901,0
606.001,0
606.101,0
606.201,0
606.301,0
606.401,0
606.501,0
606.601,0
606.701,0
606.801,0
606.901,0
607.001,0
607.101,0
607.201,0
607.301,0
607.401,0
607.501,0
607.601,0
607.701,0
607.801,0
607.901,0
608.001,0
608.101,0
608.201,0
608.301,0
608.401,0
608.501,0
608.601,0
608.701,0
608.801,0
608.901,0
609.001,0
609.101,0
609.201,0
609.301,0
609.401,0
609.501,0
609.601,0
609.701,0
609.801,0
609.901,0
610.001,0
610.101,0
610.201,0
610.301,0
610.401,0
610.501,0
610.601,0
610.701,0
610.801,0
610.901,0
611.001,0
611.101,0
611.201,0
611.301,0
611.401,0
611.501,0
611.601,0
611.701,0
611.801,0
611.901,0
612.001,0
612.101,0
612.201,0
612.301,0
612.401,0
612.501,0
612.601,0
612.701,0
612.801,0
612.901,0
613.001,0
613.101,0
613.201,0
613.301,0
613.401,0
613.501,0
613.601,0
613.701,0
613.801,0
613.901,0
614.001,0
614.101,0
614.201,0
614.301,0
614.401,0
614.501,0
614.601,0
614.701,0
614.801,0
614.901,0
615.001,0
615.101,0
615.201,0
615.301,0
615.401,0
615.501,0
615.601,0
615.701,0
615.801,0
615.901,0
616.001,0
616.101,0
616.201,0
616.301,0
616.401,0
616.501,0
616.601,0
616.701,0
616.801,0
616.901,0
617.001,0
617.101,0
617.201,0
617.301,0
617.401,0
617.501,0
617.601,0
617.701,0
617.801,0
617.901,0
618.001,0
618.101,0
618.201,0
618.301,0
618.401,0
618.501,0
618.601,0
618.701,0
618.801,0
618.901,0
619.001,0
619.101,0
619.201,0
619.301,0
619.401,0
619.501,0
619.601,0
619.701,0
619.801,0
619.901,0
620.001,0
620.101,0
620.201,0
620.301,0
620.401,0
620.501,0
620.601,0
620.701,0
620.801,0
620.901,0
621.001,0
621.101,0
621.201,0
621.301,0
621.401,0
621.501,0
621.601,0
621.701,0
621.801,0
621.901,0
622.001,0
622.101,0
622.201,0
622.301,0
622.401,0
622.501,0
622.601,0
622.701,0
622.801,0
622.901,0
623.001,0
623.101,0
623.201,0
623.301,0
623.401,0
623.501,0
623.601,0
623.701,0
623.801,0
623.901,0
624.001,0
624.101,0
624.201,0
624.301,0
624.401,0
624.501,0
624.601,0
624.701,0
624.801,0
624.901,0
625.001,0
625.101,0
625.201,0
625.301,0
625.401,0
625.501,0
625.601,0
625.701,0
625.801,0
625.901,0
626.001,0
626.101,0
626.201,0
626.301,0
626.401,0
626.501,0
626.601,0
626.701,0
626.801,0
626.901,0
627.001,0
627.101,0
627.201,0
627.301,0
627.401,0
627.501,0
627.601,0
627.701,0
627.801,0
627.901,0
628.001,0
628.101,0
628.201,0
628.301,0
628.401,0
628.501,0
628.601,0
628.701,0
628.801,0
628.901,0
629.001,0
629.101,0
629.201,0
629.301,0
629.401,0
629.501,0
629.601,0
629.701,0
629.801,0
629.901,0
630.001,0
630.101,0
630.201,0
630.301,0
630.401,0
630.501,0
630.601,0
630.701,0
630.801,0
630.901,0
631.001,0
631.101,0
631.201,0
631.301,0
631.401,0
631.501,0
631.601,0
631.701,0
631.801,0
631.901,0
632.001,0
632.101,0
632.201,0
632.301,0
632.401,0
632.501,0
632.601,0
632.701,0
632.801,0
632.901,0
633.001,0
633.101,0
633.201,0
633.301,0
633.401,0
633.501,0
633.601,0
633.701,0
633.801,0
633.901,0
634.001,0
634.101,0
634.201,0
634.301,0
634.401,0
634.501,0
634.601,0
634.701,0
634.801,0
634.901,0
635.001,0
635.101,0
635.201,0
635.301,0
635.401,0
635.501,0
635.601,0
635.701,0
635.801,0
635.901,0
636.001,0
636.101,0
636.201,0
636.301,0
636.401,0
636.501,0
636.601,0
636.701,0
636.801,0
636.901,0
637.001,0
637.101,0
637.201,0
637.301,0
637.401,0
637.501,0
637.601,0
637.701,0
637.801,0
637.901,0
638.001,0
638.101,0
638.201,0
638.301,0
638.401,0
638.501,0
638.601,0
638.701,0
638.801,0
638.901,0
639.001,0
639.101,0
639.201,0
639.301,0
639.401,0
639.501,0
639.601,0
639.701,0
639.801,0
639.901,0
640.001,0
640.101,0
640.201,0
640.301,0
640.401,0
640.501,0
640.601,0
640.701,0
640.801,0
640.901,0
641.001,0
641.101,0
641.201,0
641.301,0
641.401,0
641.501,0
641.601,0
641.701,0
641.801,0
641.901,0
642.001,0
642.101,0
642.201,0
642.301,0
642.401,0
642.501,0
642.601,0
642.701,0
642.801,0
642.901,0
643.001,0
643.101,0
643.201,0
643.301,0
643.401,0
643.501,0
643.601,0
643.701,0
643.801,0
643.901,0
644.001,0
644.101,0
644.201,0
644.301,0
644.401,0
644.501,0
644.601,0
644.701,0
644.801,0
644.901,0
645.001,0
645.101,0
645.201,0
645.301,0
645.401,0
645.501,0
645.601,0
645.701,0
645.801,0
645.901,0
646.001,0
646.101,0
646.201,0
646.301,0
646.401,0
646.501,0
646.601,0
646.701,0
646.801,0
646.901,0
647.001,0
647.101,0
647.201,0
647.301,0
647.401,0
647.501,0
647.601,0
647.701,0
647.801,0
647.901,0
648.001,0
648.101,0
648.201,0
648.301,0
648.401,0
648.501,0
648.601,0
648.701,0
648.801,0
648.901,0
649.001,0
649.101,0
649.201,0
649.301,0
649.401,0
649.501,0
649.601,0
649.701,0
649.801,0
649.901,0
650.001,0
650.101,0
650.201,0
650.301,0
650.401,0
650.501,0
650.601,0
650.701,0
650.801,0
650.901,0
651.001,0
651.101,0
651.201,0
651.301,0
651.401,0
651.501,0
651.601,0
651.701,0
651.801,0
651.901,0
652.001,0
652.101,0
652.201,0
652.301,0
652.401,0
652.501,0
652.601,0
652.701,0
652.801,0
652.901,0
653.001,0
653.101,0
653.201,0
653.301,0
653.401,0
653.501,0
653.601,0
653.701,0
653.801,0
653.901,0
654.001,0
654.101,0
654.201,0
654.301,0
654.401,0
654.501,0
654.601,0
654.701,0
654.801,0
654.901,0
655.001,0
655.101,0
655.201,0
655.301,0
655.401,0
655.501,0
655.601,0
655.701,0
655.801,0
655.901,0
656.001,0
656.101,0
656.201,0
656.301,0
656.401,0
656.501,0
656.601,0
656.701,0
656.801,0
656.901,0
657.001,0
657.101,0
657.201,0
657.301,0
657.401,0
657.501,0
657.601,0
657.701,0
657.801,0
657.901,0
658.001,0
658.101,0
658.201,0
658.301,0
658.401,0
658.501,0
658.601,0
658.701,0
658.801,0
658.901,0
659.001,0
659.101,0
659.201,0
659.301,0
659.401,0
659.501,0
659.601,0
659.701,0
659.801,0
659.901,0
660.001,0
660.101,0
660.201,0
660.301,0
660.401,0
660.501,0
660.601,0
660.701,0
660.801,0
660.901,0
661.001,0
661.101,0
661.201,0
661.301,0
661.401,0
661.501,0
661.601,0
661.701,0
661.801,0
661.901,0
662.001,0
662.101,0
662.201,0
662.301,0
662.401,0
662.501,0
662.601,0
662.701,0
662.801,0
662.901,0
663.001,0
663.101,0
663.201,0
663.301,0
663.401,0
663.501,0
663.601,0
663.701,0
663.801,0
663.901,0
664.001,0
664.101,0
664.201,0
664.301,0
664.401,0
664.501,0
664.601,0
664.701,0
664.801,0
664.901,0
665.001,0
665.101,0
665.201,0
665.301,0
665.401,0
665.501,0
665.601,0
665.701,0
665.801,0
665.901,0
666.001,0
666.101,0
666.201,0
666.301,0
666.401,0
666.501,0
666.601,0
666.701,0
666.801,0
666.901,0
667.001,0
667.101,0
667.201,0
667.301,0
667.401,0
667.501,0
667.601,0
667.701,0
667.801,0
667.901,0
668.001,0
668.101,0
668.201,0
668.301,0
668.401,0
668.501,0
668.601,0
668.701,0
668.801,0
668.901,0
669.001,0
669.101,0
669.201,0
669.301,0
669.401,0
669.501,0
669.601,0
669.701,0
669.801,0
669.901,0
670.001,0
670.101,0
670.201,0
670.301,0
670.401,0
670.501,0
670.601,0
670.701,0
670.801,0
670.901,0
671.001,0
671.101,0
671.201,0
671.301,0
671.401,0
671.501,0
671.601,0
671.701,0
671.801,0
671.901,0
672.001,0
672.101,0
672.201,0
672.301,0
672.401,0
672.501,0
672.601,0
672.701,0
672.801,0
672.901,0
673.001,0
673.101,0
673.201,0
673.301,0
673.401,0
673.501,0
673.601,0
673.701,0
673.801,0
673.901,0
674.001,0
674.101,0
674.201,0
674.301,0
674.401,0
674.501,0
674.601,0
674.701,0
674.801,0
674.901,0
675.001,0
675.101,0
675.201,0
675.301,0
675.401,0
675.501,0
675.601,0
675.701,0
675.801,0
675.901,0
676.001,0
676.101,0
676.201,0
676.301,0
676.401,0
676.501,0
676.601,0
676.701,0
676.801,0
676.901,0
677.001,0
677.101,0
677.201,0
677.301,0
677.401,0
677.501,0
677.601,0
677.701,0
677.801,0
677.901,0
678.001,0
678.101,0
678.201,0
678.301,0
678.401,0
678.501,0
678.601,0
678.701,0
678.801,0
678.901,0
679.001,0
679.101,0
679.201,0
679.301,0
679.401,0
679.501,0
679.601,0
679.701,0
679.801,0
679.901,0
680.001,0
680.101,0
680.201,0
680.301,0
680.401,0
680.501,0
680.601,0
680.701,0
680.801,0
680.901,0
681.001,0
681.101,0
681.201,0
681.301,0
681.401,0
681.501,0
681.601,0
681.701,0
681.801,0
681.901,0
682.001,0
682.101,0
682.201,0
682.301,0
682.401,0
682.501,0
682.601,0
682.701,0
682.801,0
682.901,0
683.001,0
683.101,0
683.201,0
683.301,0
683.401,0
683.501,0
683.601,0
683.701,0
683.801,0
683.901,0
684.001,0
684.101,0
684.201,0
684.301,0
684.401,0
684.501,0
684.601,0
684.701,0
684.801,0
684.901,0
685.001,0
685.101,0
685.201,0
685.301,0
685.401,0
685.501,0
685.601,0
685.701,0
685.801,0
685.901,0
686.001,0
686.101,0
686.201,0
686.301,0
686.401,0
686.501,0
686.601,0
686.701,0
686.801,0
686.901,0
687.001,0
687.101,0
687.201,0
687.301,0
687.401,0
687.501,0
687.601,0
687.701,0
687.801,0
687.901,0
688.001,0
688.101,0
688.201,0
688.301,0
688.401,0
688.501,0
688.601,0
688.701,0
688.801,0
688.901,0
689.001,0
689.101,0
689.201,0
689.301,0
689.401,0
689.501,0
689.601,0
689.701,0
689.801,0
689.901,0
690.001,0
690.101,0
690.201,0
690.301,0
690.401,0
690.501,0
690.601,0
690.701,0
690.801,0
690.901,0
691.001,0
691.101,0
691.201,0
691.301,0
691.401,0
691.501,0
691.601,0
691.701,0
691.801,0
691.901,0
692.001,0
692.101,0
692.201,0
692.301,0
692.401,0
692.501,0
692.601,0
692.701,0
692.801,0
692.901,0
693.001,0
693.101,0
693.201,0
693.301,0
693.401,0
693.501,0
693.601,0
693.701,0
693.801,0
693.901,0
694.001,0
694.101,0
694.201,0
694.301,0
694.401,0
694.501,0
694.601,0
694.701,0
694.801,0
694.901,0
695.001,0
695.101,0
695.201,0
695.301,0
695.401,0
695.501,0
695.601,0
695.701,0
695.801,0
695.901,0
696.001,0
696.101,0
696.201,0
696.301,0
696.401,0
696.501,0
696.601,0
696.701,0
696.801,0
696.901,0
697.001,0
697.101,0
697.201,0
697.301,0
697.401,0
697.501,0
697.601,0
697.701,0
697.801,0
697.901,0
698.001,0
698.101,0
698.201,0
698.301,0
698.401,0
698.501,0
698.601,0
698.701,0
698.801,0
698.901,0
699.001,0
699.101,0
699.201,0
699.301,0
699.401,0
699.501,0
699.601,0
699.701,0
699.801,0
699.901,0
700.001,0
700.101,0
700.201,0
700.301,0
700.401,0
700.501,0
700.601,0
700.701,0
700.801,0
700.901,0
701.001,0
701.101,0
701.201,0
701.301,0
701.401,0
701.501,0
701.601,0
701.701,0
701.801,0
701.901,0
702.001,0
702.101,0
702.201,0
702.301,0
702.401,0
702.501,0
702.601,0
702.701,0
702.801,0
702.901,0
703.001,0
703.101,0
703.201,0
703.301,0
703.401,0
703.501,0
703.601,0
703.701,0
703.801,0
703.901,0
704.001,0
704.101,0
704.201,0
704.301,0
704.401,0
704.501,0
704.601,0
704.701,0
704.801,0
704.901,0
705.001,0
705.101,0
705.201,0
705.301,0
705.401,0
705.501,0
705.601,0
705.701,0
705.801,0
705.901,0
706.001,0
706.101,0
706.201,0
706.301,0
706.401,0
706.501,0
706.601,0
706.701,0
706.801,0
706.901,0
707.001,0
707.101,0
707.201,0
707.301,0
707.401,0
707.501,0
707.601,0
707.701,0
707.801,0
707.901,0
708.001,0
708.101,0
708.201,0
708.301,0
708.401,0
708.501,0
708.601,0
708.701,0
708.801,0
708.901,0
709.001,0
709.101,0
709.201,0
709.301,0
709.401,0
709.501,0
709.601,0
709.701,0
709.801,0
709.901,0
710.001,0
710.101,0
710.201,0
710.301,0
710.401,0
710.501,0
710.601,0
710.701,0
710.801,0
710.901,0
711.001,0
711.101,0
711.201,0
711.301,0
711.401,0
711.501,0
711.601,0
711.701,0
711.801,0
711.901,0
712.001,0
712.101,0
712.201,0
712.301,0
712.401,0
712.501,0
712.601,0
712.701,0
712.801,0
712.901,0
713.001,0
713.101,0
713.201,0
713.301,0
713.401,0
713.501,0
713.601,0
713.701,0
713.801,0
713.901,0
714.001,0
714.101,0
714.201,0
714.301,0
714.401,0
714.501,0
714.601,0
714.701,0
714.801,0
714.901,0
715.001,0
715.101,0
715.201,0
715.301,0
715.401,0
715.501,0
715.601,0
715.701,0
715.801,0
715.901,0
716.001,0
716.101,0
716.201,0
716.301,0
716.401,0
716.501,0
716.601,0
716.701,0
716.801,0
716.901,0
717.001,0
717.101,0
717.201,0
717.301,0
717.401,0
717.501,0
717.601,0
717.701,0
717.801,0
717.901,0
718.001,0
718.101,0
718.201,0
718.301,0
718.401,0
718.501,0
718.601,0
718.701,0
718.801,0
718.901,0
719.001,0
719.101,0
719.201,0
719.301,0
719.401,0
719.501,0
719.601,0
719.701,0
719.801,0
719.901,0
720.001,0
720.101,0
720.201,0
720.301,0
720.401,0
720.501,0
720.601,0
720.701,0
720.801,0
720.901,0
721.001,0
721.101,0
721.201,0
721.301,0
721.401,0
721.501,0
721.601,0
721.701,0
721.801,0
721.901,0
722.001,0
722.101,0
722.201,0
722.301,0
722.401,0
722.501,0
722.601,0
722.701,0
722.801,0
722.901,0
723.001,0
723.101,0
723.201,0
723.301,0
723.401,0
723.501,0
723.601,0
723.701,0
723.801,0
723.901,0
724.001,0
724.101,0
724.201,0
724.301,0
724.401,0
724.501,0
724.601,0
724.701,0
724.801,0
724.901,0
725.001,0
725.101,0
725.201,0
725.301,0
725.401,0
725.501,0
725.601,0
725.701,0
725.801,0
725.901,0
726.001,0
726.101,0
726.201,0
726.301,0
726.401,0
726.501,0
726.601,0
726.701,0
726.801,0
726.901,0
727.001,0
727.101,0
727.201,0
727.301,0
727.401,0
727.501,0
727.601,0
727.701,0
727.801,0
727.901,0
728.001,0
728.101,0
728.201,0
728.301,0
728.401,0
728.501,0
728.601,0
728.701,0
728.801,0
728.901,0
729.001,0
729.101,0
729.201,0
729.301,0
729.401,0
729.501,0
729.601,0
729.701,0
729.801,0
729.901,0
730.001,0
730.101,0
730.201,0
730.301,0
730.401,0
730.501,0
730.601,0
730.701,0
730.801,0
730.901,0
731.001,0
731.101,0
731.201,0
731.301,0
731.401,0
731.501,0
731.601,0
731.701,0
731.801,0
731.901,0
732.001,0
732.101,0
732.201,0
732.301,0
732.401,0
732.501,0
732.601,0
732.701,0
732.801,0
732.901,0
733.001,0
733.101,0
733.201,0
733.301,0
733.401,0
733.501,0
733.601,0
733.701,0
733.801,0
733.901,0
734.001,0
734.101,0
734.201,0
734.301,0
734.401,0
734.501,0
734.601,0
734.701,0
734.801,0
734.901,0
735.001,0
735.101,0
735.201,0
735.301,0
735.401,0
735.501,0
735.601,0
735.701,0
735.801,0
735.901,0
736.001,0
736.101,0
736.201,0
736.301,0
736.401,0
736.501,0
736.601,0
736.701,0
736.801,0
736.901,0
737.001,0
737.101,0
737.201,0
737.301,0
737.401,0
737.501,0
737.601,0
737.701,0
737.801,0
737.901,0
738.001,0
738.101,0
738.201,0
738.301,0
738.401,0
738.501,0
738.601,0
738.701,0
738.801,0
738.901,0
739.001,0
739.101,0
739.201,0
739.301,0
739.401,0
739.501,0
739.601,0
739.701,0
739.801,0
739.901,0
740.001,0
740.101,0
740.201,0
740.301,0
740.401,0
740.501,0
740.601,0
740.701,0
740.801,0
740.901,0
741.001,0
741.101,0
741.201,0
741.301,0
741.401,0
741.501,0
741.601,0
741.701,0
741.801,0
741.901,0
742.001,0
742.101,0
742.201,0
742.301,0
742.401,0
742.501,0
742.601,0
742.701,0
742.801,0
742.901,0
743.001,0
743.101,0
743.201,0
743.301,0
743.401,0
743.501,0
743.601,0
743.701,0
743.801,0
743.901,0
744.001,0
744.101,0
744.201,0
744.301,0
744.401,0
744.501,0
744.601,0
744.701,0
744.801,0
744.901,0
745.001,0
745.101,0
745.201,0
745.301,0
745.401,0
745.501,0
745.601,0
745.701,0
745.801,0
745.901,0
746.001,0
746.101,0
746.201,0
746.301,0
746.401,0
746.501,0
746.601,0
746.701,0
746.801,0
746.901,0
747.001,0
747.101,0
747.201,0
747.301,0
747.401,0
747.501,0
747.601,0
747.701,0
747.801,0
747.901,0
748.001,0
748.101,0
748.201,0
748.301,0
748.401,0
748.501,0
748.601,0
748.701,0
748.801,0
748.901,0
749.001,0
749.101,0
749.201,0
749.301,0
749.401,0
749.501,0
749.601,0
749.701,0
749.801,0
749.901,0
750.001,0
750.101,0
750.201,0
750.301,0
750.401,0
750.501,0
750.601,0
750.701,0
750.801,0
750.901,0
751.001,0
751.101,0
751.201,0
751.301,0
751.401,0
751.501,0
751.601,0
751.701,0
751.801,0
751.901,0
752.001,0
752.101,0
752.201,0
752.301,0
752.401,0
752.501,0
752.601,0
752.701,0
752.801,0
752.901,0
753.001,0
753.101,0
753.201,0
753.301,0
753.401,0
753.501,0
753.601,0
753.701,0
753.801,0
753.901,0
754.001,0
754.101,0
754.201,0
754.301,0
754.401,0
754.501,0
754.601,0
754.701,0
754.801,0
754.901,0
755.001,0
755.101,0
755.201,0
755.301,0
755.401,0
755.501,0
755.601,0
755.701,0
755.801,0
755.901,0
756.001,0
756.101,0
756.201,0
756.301,0
756.401,0
756.501,0
756.601,0
756.701,0
756.801,0
756.901,0
757.001,0
757.101,0
757.201,0
757.301,0
757.401,0
757.501,0
757.601,0
757.701,0
757.801,0
757.901,0
758.001,0
758.101,0
758.201,0
758.301,0
758.401,0
758.501,0
758.601,0
758.701,0
758.801,0
758.901,0
759.001,0
759.101,0
759.201,0
759.301,0
759.401,0
759.501,0
759.601,0
759.701,0
759.801,0
759.901,0
760.001,0
760.101,0
760.201,0
760.301,0
760.401,0
760.501,0
760.601,0
760.701,0
760.801,0
760.901,0
761.001,0
761.101,0
761.201,0
761.301,0
761.401,0
761.501,0
761.601,0
761.701,0
761.801,0
761.901,0
762.001,0
762.101,0
762.201,0
762.301,0
762.401,0
762.501,0
762.601,0
762.701,0
762.801,0
762.901,0
763.001,0
763.101,0
763.201,0
763.301,0
763.401,0
763.501,0
763.601,0
763.701,0
763.801,0
763.901,0
764.001,0
764.101,0
764.201,0
764.301,0
764.401,0
764.501,0
764.601,0
764.701,0
764.801,0
764.901,0
765.001,0
765.101,0
765.201,0
765.301,0
765.401,0
765.501,0
765.601,0
765.701,0
765.801,0
765.901,0
766.001,0
766.101,0
766.201,0
766.301,0
766.401,0
766.501,0
766.601,0
766.701,0
766.801,0
766.901,0
767.001,0
767.101,0
767.201,0
767.301,0
767.401,0
767.501,0
767.601,0
767.701,0
767.801,0
767.901,0
768.001,0
768.101,0
768.201,0
768.301,0
768.401,0
768.501,0
768.601,0
768.701,0
768.801,0
768.901,0
769.001,0
769.101,0
769.201,0
769.301,0
769.401,0
769.501,0
769.601,0
769.701,0
769.801,0
769.901,0
770.001,0
770.101,0
770.201,0
770.301,0
770.401,0
770.501,0
770.601,0
770.701,0
770.801,0
770.901,0
771.001,0
771.101,0
771.201,0
771.301,0
771.401,0
771.501,0
771.601,0
771.701,0
771.801,0
771.901,0
772.001,0
772.101,0
772.201,0
772.301,0
772.401,0
772.501,0
772.601,0
772.701,0
772.801,0
772.901,0
773.001,0
773.101,0
773.201,0
773.301,0
773.401,0
773.501,0
773.601,0
773.701,0
773.801,0
773.901,0
774.001,0
774.101,0
774.201,0
774.301,0
774.401,0
774.501,0
774.601,0
774.701,0
774.801,0
774.901,0
775.001,0
775.101,0
775.201,0
775.301,0
775.401,0
775.501,0
775.601,0
775.701,0
775.801,0
775.901,0
776.001,0
776.101,0
776.201,0
776.301,0
776.401,0
776.501,0
776.601,0
776.701,0
776.801,0
776.901,0
777.001,0
777.101,0
777.201,0
777.301,0
777.401,0
777.501,0
777.601,0
777.701,0
777.801,0
777.901,0
778.001,0
778.101,0
778.201,0
778.301,0
778.401,0
778.501,0
778.601,0
778.701,0
778.801,0
778.901,0
779.001,0
779.101,0
779.201,0
779.301,0
779.401,0
779.501,0
779.601,0
779.701,0
779.801,0
779.901,0
780.001,0
780.101,0
780.201,0
780.301,0
780.401,0
780.501,0
780.601,0
780.701,0
780.801,0
780.901,0
781.001,0
781.101,0
781.201,0
781.301,0
781.401,0
781.501,0
781.601,0
781.701,0
781.801,0
781.901,0
782.001,0
782.101,0
782.201,0
782.301,0
782.401,0
782.501,0
782.601,0
782.701,0
782.801,0
782.901,0
783.001,0
783.101,0
783.201,0
783.301,0
783.401,0
783.501,0
783.601,0
783.701,0
783.801,0
783.901,0
784.001,0
784.101,0
784.201,0
784.301,0
784.401,0
784.501,0
784.601,0
784.701,0
784.801,0
784.901,0
785.001,0
785.101,0
785.201,0
785.301,0
785.401,0
785.501,0
785.601,0
785.701,0
785.801,0
785.901,0
786.001,0
786.101,0
786.201,0
786.301,0
786.401,0
786.501,0
786.601,0
786.701,0
786.801,0
786.901,0
787.001,0
787.101,0
787.201,0
787.301,0
787.401,0
787.501,0
787.601,0
787.701,0
787.801,0
787.901,0
788.001,0
788.101,0
788.201,0
788.301,0
788.401,0
788.501,0
788.601,0
788.701,0
788.801,0
788.901,0
789.001,0
789.101,0
789.201,0
789.301,0
789.401,0
789.501,0
789.601,0
789.701,0
789.801,0
789.901,0
790.001,0
790.101,0
790.201,0
790.301,0
790.401,0
790.501,0
790.601,0
790.701,0
790.801,0
790.901,0
791.001,0
791.101,0
791.201,0
791.301,0
791.401,0
791.501,0
791.601,0
791.701,0
791.801,0
791.901,0
792.001,0
792.101,0
792.201,0
792.301,0
792.401,0
792.501,0
792.601,0
792.701,0
792.801,0
792.901,0
793.001,0
793.101,0
793.201,0
793.301,0
793.401,0
793.501,0
793.601,0
793.701,0
793.801,0
793.901,0
794.001,0
794.101,0
794.201,0
794.301,0
794.401,0
794.501,0
794.601,0
794.701,0
794.801,0
794.901,0
795.001,0
795.101,0
795.201,0
795.301,0
795.401,0
795.501,0
795.601,0
795.701,0
795.801,0
795.901,0
796.001,0
796.101,0
796.201,0
796.301,0
796.401,0
796.501,0
796.601,0
796.701,0
796.801,0
796.901,0
797.001,0
797.101,0
797.201,0
797.301,0
797.401,0
797.501,0
797.601,0
797.701,0
797.801,0
797.901,0
798.001,0
798.101,0
798.201,0
798.301,0
798.401,0
798.501,0
798.601,0
798.701,0
798.801,0
798.901,0
799.001,0
799.101,0
799.201,0
799.301,0
799.401,0
799.501,0
799.601,0
799.701,0
799.801,0
799.901,0
800.001,0
800.101,0
800.201,0
800.301,0
800.401,0
800.501,0
800.601,0
800.701,0
800.801,0
800.901,0
801.001,0
801.101,0
801.201,0
801.301,0
801.401,0
801.501,0
801.601,0
801.701,0
801.801,0
801.901,0
802.001,0
802.101,0
802.201,0
802.301,0
802.401,0
802.501,0
802.601,0
802.701,0
802.801,0
802.901,0
803.001,0
803.101,0
803.201,0
803.301,0
803.401,0
803.501,0
803.601,0
803.701,0
803.801,0
803.901,0
804.001,0
804.101,0
804.201,0
804.301,0
804.401,0
804.501,0
804.601,0
804.701,0
804.801,0
804.901,0
805.001,0
805.101,0
805.201,0
805.301,0
805.401,0
805.501,0
805.601,0
805.701,0
805.801,0
805.901,0
806.001,0
806.101,0
806.201,0
806.301,0
806.401,0
806.501,0
806.601,0
806.701,0
806.801,0
806.901,0
807.001,0
807.101,0
807.201,0
807.301,0
807.401,0
807.501,0
807.601,0
807.701,0
807.801,0
807.901,0
808.001,0
808.101,0
808.201,0
808.301,0
808.401,0
808.501,0
808.601,0
808.701,0
808.801,0
808.901,0
809.001,0
809.101,0
809.201,0
809.301,0
809.401,0
809.501,0
809.601,0
809.701,0
809.801,0
809.901,0
810.001,0
810.101,0
810.201,0
810.301,0
810.401,0
810.501,0
810.601,0
810.701,0
810.801,0
810.901,0
811.001,0
811.101,0
811.201,0
811.301,0
811.401,0
811.501,0
811.601,0
811.701,0
811.801,0
811.901,0
812.001,0
812.101,0
812.201,0
812.301,0
812.401,0
812.501,0
812.601,0
812.701,0
812.801,0
812.901,0
813.001,0
813.101,0
813.201,0
813.301,0
813.401,0
813.501,0
813.601,0
813.701,0
813.801,0
813.901,0
814.001,0
814.101,0
814.201,0
814.301,0
814.401,0
814.501,0
814.601,0
814.701,0
814.801,0
814.901,0
815.001,0
815.101,0
815.201,0
815.301,0
815.401,0
815.501,0
815.601,0
815.701,0
815.801,0
815.901,0
816.001,0
816.101,0
816.201,0
816.301,0
816.401,0
816.501,0
816.601,0
816.701,0
816.801,0
816.901,0
817.001,0
817.101,0
817.201,0
817.301,0
817.401,0
817.501,0
817.601,0
817.701,0
817.801,0
817.901,0
818.001,0
818.101,0
818.201,0
818.301,0
818.401,0
818.501,0
818.601,0
818.701,0
818.801,0
818.901,0
819.001,0
819.101,0
819.201,0
819.301,0
819.401,0
819.501,0
819.601,0
819.701,0
819.801,0
819.901,0
820.001,0
820.101,0
820.201,0
820.301,0
820.401,0
820.501,0
820.601,0
820.701,0
820.801,0
820.901,0
821.001,0
821.101,0
821.201,0
821.301,0
821.401,0
821.501,0
821.601,0
821.701,0
821.801,0
821.901,0
822.001,0
822.101,0
822.201,0
822.301,0
822.401,0
822.501,0
822.601,0
822.701,0
822.801,0
822.901,0
823.001,0
823.101,0
823.201,0
823.301,0
823.401,0
823.501,0
823.601,0
823.701,0
823.801,0
823.901,0
824.001,0
824.101,0
824.201,0
824.301,0
824.401,0
824.501,0
824.601,0
824.701,0
824.801,0
824.901,0
825.001,0
825.101,0
825.201,0
825.301,0
825.401,0
825.501,0
825.601,0
825.701,0
825.801,0
825.901,0
826.001,0
826.101,0
826.201,0
826.301,0
826.401,0
826.501,0
826.601,0
826.701,0
826.801,0
826.901,0
827.001,0
827.101,0
827.201,0
827.301,0
827.401,0
827.501,0
827.601,0
827.701,0
827.801,0
827.901,0
828.001,0
828.101,0
828.201,0
828.301,0
828.401,0
828.501,0
828.601,0
828.701,0
828.801,0
828.901,0
829.001,0
829.101,0
829.201,0
829.301,0
829.401,0
829.501,0
829.601,0
829.701,0
829.801,0
829.901,0
830.001,0
830.101,0
830.201,0
830.301,0
830.401,0
830.501,0
830.601,0
830.701,0
830.801,0
830.901,0
831.001,0
831.101,0
831.201,0
831.301,0
831.401,0
831.501,0
831.601,0
831.701,0
831.801,0
831.901,0
832.001,0
832.101,0
832.201,0
832.301,0
832.401,0
832.501,0
832.601,0
832.701,0
832.801,0
832.901,0
833.001,0
833.101,0
833.201,0
833.301,0
833.401,0
833.501,0
833.601,0
833.701,0
833.801,0
833.901,0
834.001,0
834.101,0
834.201,0
834.301,0
834.401,0
834.501,0
834.601,0
834.701,0
834.801,0
834.901,0
835.001,0
835.101,0
835.201,0
835.301,0
835.401,0
835.501,0
835.601,0
835.701,0
835.801,0
835.901,0
836.001,0
836.101,0
836.201,0
836.301,0
836.401,0
836.501,0
836.601,0
836.701,0
836.801,0
836.901,0
837.001,0
837.101,0
837.201,0
837.301,0
837.401,0
837.501,0
837.601,0
837.701,0
837.801,0
837.901,0
838.001,0
838.101,0
838.201,0
838.301,0
838.401,0
838.501,0
838.601,0
838.701,0
838.801,0
838.901,0
839.001,0
839.101,0
839.201,0
839.301,0
839.401,0
839.501,0
839.601,0
839.701,0
839.801,0
839.901,0
840.001,0
840.101,0
840.201,0
840.301,0
840.401,0
840.501,0
840.601,0
840.701,0
840.801,0
840.901,0
841.001,0
841.101,0
841.201,0
841.301,0
841.401,0
841.501,0
841.601,0
841.701,0
841.801,0
841.901,0
842.001,0
842.101,0
842.201,0
842.301,0
842.401,0
842.501,0
842.601,0
842.701,0
842.801,0
842.901,0
843.001,0
843.101,0
843.201,0
843.301,0
843.401,0
843.501,0
843.601,0
843.701,0
843.801,0
843.901,0
844.001,0
844.101,0
844.201,0
844.301,0
844.401,0
844.501,0
844.601,0
844.701,0
844.801,0
844.901,0
845.001,0
845.101,0
845.201,0
845.301,0
845.401,0
845.501,0
845.601,0
845.701,0
845.801,0
845.901,0
846.001,0
846.101,0
846.201,0
846.301,0
846.401,0
846.501,0
846.601,0
846.701,0
846.801,0
846.901,0
847.001,0
847.101,0
847.201,0
847.301,0
847.401,0
847.501,0
847.601,0
847.701,0
847.801,0
847.901,0
848.001,0
848.101,0
848.201,0
848.301,0
848.401,0
848.501,0
848.601,0
848.701,0
848.801,0
848.901,0
849.001,0
849.101,0
849.201,0
849.301,0
849.401,0
849.501,0
849.601,0
849.701,0
849.801,0
849.901,0
850.001,0
850.101,0
850.201,0
850.301,0
850.401,0
850.501,0
850.601,0
850.701,0
850.801,0
850.901,0
851.001,0
851.101,0
851.201,0
851.301,0
851.401,0
851.501,0
851.601,0
851.701,0
851.801,0
851.901,0
852.001,0
852.101,0
852.201,0
852.301,0
852.401,0
852.501,0
852.601,0
852.701,0
852.801,0
852.901,0
853.001,0
853.101,0
853.201,0
853.301,0
853.401,0
853.501,0
853.601,0
853.701,0
853.801,0
853.901,0
854.001,0
854.101,0
854.201,0
854.301,0
854.401,0
854.501,0
854.601,0
854.701,0
854.801,0
854.901,0
855.001,0
855.101,0
855.201,0
855.301,0
855.401,0
855.501,0
855.601,0
855.701,0
855.801,0
855.901,0
856.001,0
856.101,0
856.201,0
856.301,0
856.401,0
856.501,0
856.601,0
856.701,0
856.801,0
856.901,0
857.001,0
857.101,0
857.201,0
857.301,0
857.401,0
857.501,0
857.601,0
857.701,0
857.801,0
857.901,0
858.001,0
858.101,0
858.201,0
858.301,0
858.401,0
858.501,0
858.601,0
858.701,0
858.801,0
858.901,0
859.001,0
859.101,0
859.201,0
859.301,0
859.401,0
859.501,0
859.601,0
859.701,0
859.801,0
859.901,0
860.001,0
860.101,0
860.201,0
860.301,0
860.401,0
860.501,0
860.601,0
860.701,0
860.801,0
860.901,0
861.001,0
861.101,0
861.201,0
861.301,0
861.401,0
861.501,0
861.601,0
861.701,0
861.801,0
861.901,0
862.001,0
862.101,0
862.201,0
862.301,0
862.401,0
862.501,0
862.601,0
862.701,0
862.801,0
862.901,0
863.001,0
863.101,0
863.201,0
863.301,0
863.401,0
863.501,0
863.601,0
863.701,0
863.801,0
863.901,0
864.001,0
864.101,0
864.201,0
864.301,0
864.401,0
864.501,0
864.601,0
864.701,0
864.801,0
864.901,0
865.001,0
865.101,0
865.201,0
865.301,0
865.401,0
865.501,0
865.601,0
865.701,0
865.801,0
865.901,0
866.001,0
866.101,0
866.201,0
866.301,0
866.401,0
866.501,0
866.601,0
866.701,0
866.801,0
866.901,0
867.001,0
867.101,0
867.201,0
867.301,0
867.401,0
867.501,0
867.601,0
867.701,0
867.801,0
867.901,0
868.001,0
868.101,0
868.201,0
868.301,0
868.401,0
868.501,0
868.601,0
868.701,0
868.801,0
868.901,0
869.001,0
869.101,0
869.201,0
869.301,0
869.401,0
869.501,0
869.601,0
869.701,0
869.801,0
869.901,0
870.001,0
870.101,0
870.201,0
870.301,0
870.401,0
870.501,0
870.601,0
870.701,0
870.801,0
870.901,0
871.001,0
871.101,0
871.201,0
871.301,0
871.401,0
871.501,0
871.601,0
871.701,0
871.801,0
871.901,0
872.001,0
872.101,0
872.201,0
872.301,0
872.401,0
872.501,0
872.601,0
872.701,0
872.801,0
872.901,0
873.001,0
873.101,0
873.201,0
873.301,0
873.401,0
873.501,0
873.601,0
873.701,0
873.801,0
873.901,0
874.001,0
874.101,0
874.201,0
874.301,0
874.401,0
874.501,0
874.601,0
874.701,0
874.801,0
874.901,0
875.001,0
875.101,0
875.201,0
875.301,0
875.401,0
875.501,0
875.601,0
875.701,0
875.801,0
875.901,0
876.001,0
876.101,0
876.201,0
876.301,0
876.401,0
876.501,0
876.601,0
876.701,0
876.801,0
876.901,0
877.001,0
877.101,0
877.201,0
877.301,0
877.401,0
877.501,0
877.601,0
877.701,0
877.801,0
877.901,0
878.001,0
878.101,0
878.201,0
878.301,0
878.401,0
878.501,0
878.601,0
878.701,0
878.801,0
878.901,0
879.001,0
879.101,0
879.201,0
879.301,0
879.401,0
879.501,0
879.601,0
879.701,0
879.801,0
879.901,0
880.001,0
880.101,0
880.201,0
880.301,0
880.401,0
880.501,0
880.601,0
880.701,0
880.801,0
880.901,0
881.001,0
881.101,0
881.201,0
881.301,0
881.401,0
881.501,0
881.601,0
881.701,0
881.801,0
881.901,0
882.001,0
882.101,0
882.201,0
882.301,0
882.401,0
882.501,0
882.601,0
882.701,0
882.801,0
882.901,0
883.001,0
883.101,0
883.201,0
883.301,0
883.401,0
883.501,0
883.601,0
883.701,0
883.801,0
883.901,0
884.001,0
884.101,0
884.201,0
884.301,0
884.401,0
884.501,0
884.601,0
884.701,0
884.801,0
884.901,0
885.001,0
885.101,0
885.201,0
885.301,0
885.401,0
885.501,0
885.601,0
885.701,0
885.801,0
885.901,0
886.001,0
886.101,0
886.201,0
886.301,0
886.401,0
886.501,0
886.601,0
886.701,0
886.801,0
886.901,0
887.001,0
887.101,0
887.201,0
887.301,0
887.401,0
887.501,0
887.601,0
887.701,0
887.801,0
887.901,0
888.001,0
888.101,0
888.201,0
888.301,0
888.401,0
888.501,0
888.601,0
888.701,0
888.801,0
888.901,0
889.001,0
889.101,0
889.201,0
889.301,0
889.401,0
889.501,0
889.601,0
889.701,0
889.801,0
889.901,0
890.001,0
890.101,0
890.201,0
890.301,0
890.401,0
890.501,0
890.601,0
890.701,0
890.801,0
890.901,0
891.001,0
891.101,0
891.201,0
891.301,0
891.401,0
891.501,0
891.601,0
891.701,0
891.801,0
891.901,0
892.001,0
892.101,0
892.201,0
892.301,0
892.401,0
892.501,0
892.601,0
892.701,0
892.801,0
892.901,0
893.001,0
893.101,0
893.201,0
893.301,0
893.401,0
893.501,0
893.601,0
893.701,0
893.801,0
893.901,0
894.001,0
894.101,0
894.201,0
894.301,0
894.401,0
894.501,0
894.601,0
894.701,0
894.801,0
894.901,0
895.001,0
895.101,0
895.201,0
895.301,0
895.401,0
895.501,0
895.601,0
895.701,0
895.801,0
895.901,0
896.001,0
896.101,0
896.201,0
896.301,0
896.401,0
896.501,0
896.601,0
896.701,0
896.801,0
896.901,0
897.001,0
897.101,0
897.201,0
897.301,0
897.401,0
897.501,0
897.601,0
897.701,0
897.801,0
897.901,0
898.001,0
898.101,0
898.201,0
898.301,0
898.401,0
898.501,0
898.601,0
898.701,0
898.801,0
898.901,0
899.001,0
899.101,0
899.201,0
899.301,0
899.401,0
899.501,0
899.601,0
899.701,0
899.801,0
899.901,0
900.001,0
900.101,0
900.201,0
900.301,0
900.401,0
900.501,0
900.601,0
900.701,0
900.801,0
900.901,0
901.001,0
901.101,0
901.201,0
901.301,0
901.401,0
901.501,0
901.601,0
901.701,0
901.801,0
901.901,0
902.001,0
902.101,0
902.201,0
902.301,0
902.401,0
902.501,0
902.601,0
902.701,0
902.801,0
902.901,0
903.001,0
903.101,0
903.201,0
903.301,0
903.401,0
903.501,0
903.601,0
903.701,0
903.801,0
903.901,0
904.001,0
904.101,0
904.201,0
904.301,0
904.401,0
904.501,0
904.601,0
904.701,0
904.801,0
904.901,0
905.001,0
905.101,0
905.201,0
905.301,0
905.401,0
905.501,0
905.601,0
905.701,0
905.801,0
905.901,0
906.001,0
906.101,0
906.201,0
906.301,0
906.401,0
906.501,0
906.601,0
906.701,0
906.801,0
906.901,0
907.001,0
907.101,0
907.201,0
907.301,0
907.401,0
907.501,0
907.601,0
907.701,0
907.801,0
907.901,0
908.001,0
908.101,0
908.201,0
908.301,0
908.401,0
908.501,0
908.601,0
908.701,0
908.801,0
908.901,0
909.001,0
909.101,0
909.201,0
909.301,0
909.401,0
909.501,0
909.601,0
909.701,0
909.801,0
909.901,0
910.001,0
910.101,0
910.201,0
910.301,0
910.401,0
910.501,0
910.601,0
910.701,0
910.801,0
910.901,0
911.001,0
911.101,0
911.201,0
911.301,0
911.401,0
911.501,0
911.601,0
911.701,0
911.801,0
911.901,0
912.001,0
912.101,0
912.201,0
912.301,0
912.401,0
912.501,0
912.601,0
912.701,0
912.801,0
912.901,0
913.001,0
913.101,0
913.201,0
913.301,0
913.401,0
913.501,0
913.601,0
913.701,0
913.801,0
913.901,0
914.001,0
914.101,0
914.201,0
914.301,0
914.401,0
914.501,0
914.601,0
914.701,0
914.801,0
914.901,0
915.001,0.999938
915.01,0.999933
915.01,0.89205
915.11,0.891988
915.21,0.891926
915.31,0.891865
915.41,0.891803
915.51,0.891741
915.61,0.891679
915.71,0.891618
915.81,0.891556
915.91,0.891494
916.01,0.891432
916.11,0.891371
916.21,0.891309
916.31,0.891247
916.41,0.891186
916.51,0.891124
916.61,0.891062
916.71,0.891
916.81,0.890939
916.91,0.890877
917.01,0.890815
917.11,0.890753
917.21,0.890692
917.31,0.89063
917.41,0.890568
917.51,0.890507
917.61,0.890445
917.71,0.890383
917.81,0.890321
917.91,0.89026
918.01,0.890198
918.11,0.890136
918.21,0.890074
918.31,0.890013
918.41,0.889951
918.51,0.889889
918.61,0.889827
918.71,0.889766
918.81,0.889704
918.91,0.889642
919.01,0.889581
919.11,0.889519
919.21,0.889457
919.31,0.889395
919.41,0.889334
919.51,0.889272
919.61,0.88921
919.71,0.889148
919.81,0.889087
919.91,0.889025
920.01,0.888963
920.11,0.888902
920.21,0.88884
920.31,0.888778
920.41,0.888716
920.51,0.888655
920.61,0.888593
920.71,0.888531
920.81,0.888469
920.91,0.888408
921.01,0.888346
921.11,0.888284
921.21,0.888223
921.31,0.888161
921.41,0.888099
921.51,0.888037
921.61,0.887976
921.71,0.887914
921.81,0.887852
921.91,0.88779
922.01,0.887729
922.11,0.887667
922.21,0.887605
922.31,0.887544
922.41,0.887482
922.51,0.88742
922.61,0.887358
922.71,0.887297
922.81,0.887235
922.91,0.887173
923.01,0.887111
923.11,0.88705
923.21,0.886988
923.31,0.886926
923.41,0.886865
923.51,0.886803
923.61,0.886741
923.71,0.886679
923.81,0.886618
923.91,0.886556
924.01,0.886494
924.11,0.886432
924.21,0.886371
924.31,0.886309
924.41,0.886247
924.51,0.886186
924.61,0.886124
924.71,0.886062
924.81,0.886
924.91,0.885939
925.01,0.885877
925.11,0.885815
925.21,0.885753
925.31,0.885692
925.41,0.88563
925.51,0.885568
925.61,0.885507
925.71,0.885445
925.81,0.885383
925.91,0.885321
926.01,0.88526
926.11,0.885198
926.21,0.885136
926.31,0.885074
926.41,0.885013
926.51,0.884951
926.61,0.884889
926.71,0.884827
926.81,0.884766
926.91,0.884704
927.01,0.884642
927.11,0.884581
927.21,0.884519
927.31,0.884457
927.41,0.884395
927.51,0.884334
927.61,0.884272
927.71,0.88421
927.81,0.884148
927.91,0.884087
928.01,0.884025
928.11,0.883963
928.21,0.883902
928.31,0.88384
928.41,0.883778
928.51,0.883716
928.61,0.883655
928.71,0.883593
928.81,0.883531
928.91,0.883469
929.01,0.883408
929.11,0.883346
929.21,0.883284
929.31,0.883223
929.41,0.883161
929.51,0.883099
929.61,0.883037
929.71,0.882976
929.81,0.882914
929.91,0.882852
930.01,0.88279
930.11,0.882729
930.21,0.882667
930.31,0.882605
930.41,0.882544
930.51,0.882482
930.61,0.88242
930.71,0.882358
930.81,0.882297
930.91,0.882235
931.01,0.882173
931.11,0.882111
931.21,0.88205
931.31,0.881988
931.41,0.881926
931.51,0.881865
931.61,0.881803
931.71,0.881741
931.81,0.881679
931.91,0.881618
932.01,0.881556
932.11,0.881494
932.21,0.881432
932.31,0.881371
932.41,0.881309
932.51,0.881247
932.61,0.881186
932.71,0.881124
932.81,0.881062
932.91,0.881
933.01,0.880939
933.11,0.880877
933.21,0.880815
933.31,0.880753
933.41,0.880692
933.51,0.88063
933.61,0.880568
933.71,0.880507
933.81,0.880445
933.91,0.880383
934.01,0.880321
934.11,0.88026
934.21,0.880198
934.31,0.880136
934.41,0.880074
934.51,0.880013
934.61,0.879951
934.71,0.879889
934.81,0.879827
934.91,0.879766
935.01,0.879704
935.11,0.879642
935.21,0.879581
935.31,0.879519
935.41,0.879457
935.51,0.879395
935.61,0.879334
935.71,0.879272
935.81,0.87921
935.91,0.879148
935.92,0.871945
935.92,0.871945
935.92,0.871945
935.92,0.871945
935.92,0.871945
935.92,0.871945
935.92,0.871945
935.92,0.871945
935.92,0.871945
935.92,0.760671
936.01,0.760615
936.11,0.760553
936.21,0.760492
936.31,0.76043
936.41,0.760368
936.51,0.760306
936.61,0.760245
936.71,0.760183
936.81,0.760121
936.91,0.76006
937.01,0.759998
937.11,0.759936
937.21,0.759874
937.31,0.759813
937.41,0.759751
937.51,0.759689
937.61,0.759627
937.71,0.759566
937.81,0.759504
937.91,0.759442
938.01,0.75938
938.11,0.759319
938.21,0.759257
938.31,0.759195
938.41,0.759134
938.51,0.759072
938.61,0.75901
938.71,0.758948
938.81,0.758887
938.91,0.758825
939.01,0.758763
939.11,0.758701
939.21,0.75864
939.31,0.758578
939.41,0.758516
939.51,0.758455
939.61,0.758393
939.71,0.758331
939.81,0.758269
939.91,0.758208
940.01,0.758146
940.11,0.758084
940.21,0.758022
940.31,0.757961
940.41,0.757899
940.51,0.757837
940.61,0.757776
940.71,0.757714
940.81,0.757652
940.91,0.75759
941.01,0.757529
941.11,0.757467
941.21,0.757405
941.31,0.757343
941.41,0.757282
941.51,0.75722
941.61,0.757158
941.71,0.757097
941.81,0.757035
941.91,0.756973
942.01,0.756911
942.11,0.75685
942.21,0.756788
942.31,0.756726
942.41,0.756664
942.51,0.756603
942.61,0.756541
942.71,0.756479
942.81,0.756418
942.91,0.756356
943.01,0.756294
943.11,0.756232
943.21,0.756171
943.31,0.756109
943.41,0.756047
943.51,0.755985
943.61,0.755924
943.71,0.755862
943.81,0.7558
943.91,0.755739
944.01,0.755677
944.11,0.755615
944.21,0.755553
944.31,0.755492
944.41,0.75543
944.51,0.755368
944.61,0.755306
944.71,0.755245
944.81,0.755183
944.91,0.755121
945.01,0.75506
945.11,0.754998
945.21,0.754936
945.31,0.754874
945.41,0.754813
945.51,0.754751
945.61,0.754689
945.71,0.754627
945.81,0.754566
945.91,0.754504
946.01,0.754442
946.11,0.75438
946.21,0.754319
946.31,0.754257
946.41,0.754195
946.51,0.754134
946.61,0.754072
946.71,0.75401
946.81,0.753948
946.91,0.753887
947.01,0.753825
947.11,0.753763
947.21,0.753701
947.31,0.75364
947.41,0.753578
947.51,0.753516
947.61,0.753455
947.71,0.753393
947.81,0.753331
947.91,0.753269
948.01,0.753208
948.11,0.753146
948.21,0.753084
948.31,0.753022
948.41,0.752961
948.51,0.752899
948.61,0.752837
948.71,0.752776
948.81,0.752714
948.91,0.752652
949.01,0.75259
949.11,0.752529
949.21,0.752467
949.31,0.752405
949.41,0.752343
949.51,0.752282
949.61,0.75222
949.71,0.752158
949.81,0.752097
949.91,0.752035
950.01,0.751973
950.11,0.751911
950.21,0.75185
950.31,0.751788
950.41,0.751726
950.51,0.751664
950.61,0.751603
950.71,0.751541
950.81,0.751479
950.91,0.751418
951.01,0.751356
951.11,0.751294
951.21,0.751232
951.31,0.751171
951.41,0.751109
951.51,0.751047
951.61,0.750985
951.71,0.750924
951.81,0.750862
951.91,0.7508
952.01,0.750739
952.11,0.750677
952.21,0.750615
952.31,0.750553
952.41,0.750492
952.51,0.75043
952.61,0.750368
952.71,0.750306
952.81,0.750245
952.91,0.750183
953.01,0.750121
953.11,0.75006
953.21,0.749998
953.31,0.749936
953.41,0.749874
953.51,0.749813
953.61,0.749751
953.71,0.749689
953.81,0.749627
953.91,0.749566
954.01,0.749504
954.11,0.749442
954.21,0.74938
954.31,0.749319
954.41,0.749257
954.51,0.749195
954.61,0.749134
954.71,0.749072
954.81,0.74901
954.91,0.748948
955.01,0.748887
955.11,0.748825
955.198,0.748825
955.21,0.748763
955.31,0.748701
955.41,0.74864
955.51,0.748578
955.61,0.748516
955.71,0.748455
955.81,0.748393
955.91,0.748331
956.01,0.748269
956.11,0.748208
956.21,0.748146
956.31,0.748084
956.41,0.748022
956.51,0.747961
956.61,0.747899
956.71,0.747837
956.81,0.747776
956.91,0.747714
957.01,0.747652
957.11,0.74759
957.21,0.747529
957.31,0.747467
957.41,0.747405
957.51,0.747343
957.61,0.747282
957.71,0.74722
957.81,0.747158
957.91,0.747097
958.01,0.747035
958.11,0.746973
958.21,0.746911
958.31,0.74685
958.41,0.746788
958.51,0.746726
958.61,0.746664
958.71,0.746603
958.81,0.746541
958.91,0.746479
959.01,0.746418
959.11,0.746356
959.21,0.746294
959.31,0.746232
959.41,0.746171
959.51,0.746109
959.61,0.746047
959.71,0.745985
959.81,0.745924
959.91,0.745862
960.01,0.7458
960.11,0.745739
960.21,0.745677
960.31,0.745615
960.41,0.745553
960.51,0.745492
960.61,0.74543
960.71,0.745368
960.81,0.745306
960.91,0.745245
961.01,0.745183
961.11,0.745121
961.21,0.74506
961.31,0.744998
961.41,0.744936
961.51,0.744874
961.61,0.744813
961.71,0.744751
961.81,0.744689
961.91,0.744627
962.01,0.744566
962.11,0.744504
962.21,0.744442
962.31,0.74438
962.41,0.744319
962.51,0.744257
962.61,0.744195
962.71,0.744134
962.81,0.744072
962.91,0.74401
963.01,0.743948
963.11,0.743887
963.21,0.743825
963.31,0.743763
963.41,0.743701
963.51,0.74364
963.61,0.743578
963.71,0.743516
963.81,0.743455
963.91,0.743393
964.01,0.743331
964.11,0.743269
964.21,0.743208
964.31,0.743146
964.41,0.743084
964.51,0.743022
964.61,0.742961
964.71,0.742899
964.81,0.742837
964.91,0.742776
965.01,0.742714
965.11,0.742652
965.21,0.74259
965.31,0.742529
965.41,0.742467
965.51,0.742405
965.61,0.742343
965.71,0.742282
965.81,0.74222
965.91,0.742158
966.01,0.742097
966.11,0.742035
966.21,0.741973
966.31,0.741911
966.41,0.74185
966.51,0.741788
966.61,0.741726
966.71,0.741664
966.81,0.741603
966.91,0.741541
967.01,0.741479
967.11,0.741418
967.21,0.741356
967.31,0.741294
967.41,0.741232
967.51,0.741171
967.61,0.741109
967.71,0.741047
967.81,0.740985
967.91,0.740924
968.01,0.740862
968.11,0.7408
968.21,0.740739
968.31,0.740677
968.41,0.740615
968.51,0.740553
968.61,0.740492
968.71,0.74043
968.81,0.740368
968.91,0.740306
969.01,0.740245
969.11,0.740183
969.21,0.740121
969.31,0.74006
969.41,0.739998
969.51,0.739936
969.61,0.739874
969.71,0.739813
969.81,0.739751
969.91,0.739689
970.01,0.739627
970.11,0.739566
970.21,0.739504
970.31,0.739442
970.41,0.73938
970.51,0.739319
970.61,0.739257
970.71,0.739195
970.81,0.739134
970.91,0.739072
971.01,0.73901
971.11,0.738948
971.21,0.738887
971.31,0.738825
971.41,0.738763
971.51,0.738701
971.61,0.73864
971.71,0.738578
971.81,0.738516
971.91,0.738455
972.01,0.738393
972.11,0.738331
972.21,0.738269
972.31,0.738208
972.41,0.738146
972.51,0.738084
972.61,0.738022
972.71,0.737961
972.81,0.737899
972.91,0.737837
973.01,0.737776
973.11,0.737714
973.21,0.737652
973.31,0.73759
973.41,0.737529
973.51,0.737467
973.61,0.737405
973.71,0.737343
973.81,0.737282
973.91,0.73722
974.01,0.737158
974.11,0.737097
974.21,0.737035
974.31,0.736973
974.41,0.736911
974.51,0.73685
974.61,0.736788
974.71,0.736726
974.81,0.736664
974.91,0.736603
975.01,0.736541
975.11,0.736479
975.21,0.736418
975.31,0.736356
975.41,0.736294
975.51,0.736232
975.61,0.736171
975.71,0.736109
975.81,0.736047
975.91,0.735985
976.01,0.735924
976.11,0.735862
976.21,0.7358
976.31,0.735739
976.41,0.735677
976.51,0.735615
976.61,0.735553
976.71,0.735492
976.81,0.73543
976.91,0.735368
977.01,0.735306
977.11,0.735245
977.21,0.735183
977.31,0.735121
977.41,0.73506
977.51,0.734998
977.61,0.734936
977.71,0.734874
977.81,0.734813
977.91,0.734751
978.01,0.734689
978.11,0.734627
978.21,0.734566
978.31,0.734504
978.41,0.734442
978.51,0.73438
978.61,0.734319
978.71,0.734257
978.81,0.734195
978.91,0.734134
979.01,0.734072
979.11,0.73401
979.21,0.733948
979.31,0.733887
979.41,0.733825
979.51,0.733763
979.61,0.733701
979.71,0.73364
979.81,0.733578
979.91,0.733516
980.005,0.733458
980.005,0.622183
980.105,0.622122
980.205,0.62206
980.305,0.621998
980.405,0.621936
980.505,0.621875
980.605,0.621813
980.705,0.621751
980.805,0.62169
980.905,0.621628
980.945,0.510223
981.005,0.510186
981.105,0.510124
981.205,0.510062
981.305,0.510001
981.405,0.509939
981.505,0.509877
981.605,0.509816
981.705,0.509754
981.805,0.509692
981.905,0.50963
982.005,0.509569
982.105,0.509507
982.205,0.509445
982.305,0.509383
982.405,0.509322
982.505,0.50926
982.605,0.509198
982.705,0.509137
982.805,0.509075
982.905,0.509013
983.005,0.508951
983.105,0.50889
983.205,0.508828
983.305,0.508766
983.405,0.508704
983.505,0.508643
983.605,0.508581
983.705,0.508519
983.805,0.508458
983.905,0.508396
984.005,0.508334
984.105,0.508272
984.205,0.508211
984.305,0.508149
984.405,0.508087
984.505,0.508025
984.605,0.507964
984.705,0.507902
984.805,0.50784
984.905,0.507779
985.005,0.507717
985.105,0.507655
985.205,0.507593
985.305,0.507532
985.405,0.50747
985.505,0.507408
985.605,0.507346
985.705,0.507285
985.805,0.507223
985.905,0.507161
986.005,0.5071
986.105,0.507038
986.205,0.506976
986.305,0.506914
986.405,0.506853
986.505,0.506791
986.605,0.506729
986.705,0.506667
986.805,0.506606
986.905,0.506544
987.005,0.506482
987.105,0.50642
987.205,0.506359
987.305,0.506297
987.405,0.506235
987.505,0.506174
987.605,0.506112
987.705,0.50605
987.805,0.505988
987.905,0.505927
988.005,0.505865
988.105,0.505803
988.205,0.505741
988.305,0.50568
988.405,0.505618
988.505,0.505556
988.605,0.505495
988.705,0.505433
988.805,0.505371
988.905,0.505309
989.005,0.505248
989.105,0.505186
989.205,0.505124
989.305,0.505062
989.405,0.505001
989.505,0.504939
989.605,0.504877
989.705,0.504816
989.805,0.504754
989.905,0.504692
990.005,0.50463
990.105,0.504569
990.205,0.504507
990.305,0.504445
990.405,0.504383
990.505,0.504322
990.605,0.50426
990.705,0.504198
990.805,0.504137
990.905,0.504075
991.005,0.504013
991.105,0.503951
991.205,0.50389
991.305,0.503828
991.405,0.503766
991.505,0.503704
991.605,0.503643
991.705,0.503581
991.805,0.503519
991.905,0.503458
992.005,0.503396
992.105,0.503334
992.205,0.503272
992.305,0.503211
992.405,0.503149
992.505,0.503087
992.605,0.503025
992.705,0.502964
992.805,0.502902
992.905,0.50284
993.005,0.502779
993.105,0.502717
993.205,0.502655
993.305,0.502593
993.405,0.502532
993.505,0.50247
993.605,0.502408
993.705,0.502346
993.805,0.502285
993.905,0.502223
994.005,0.502161
994.105,0.5021
994.205,0.502038
994.305,0.501976
994.405,0.501914
994.505,0.501853
994.605,0.501791
994.705,0.501729
994.805,0.501667
994.905,0.501606
995.005,0.501544
995.105,0.501482
995.205,0.50142
995.305,0.501359
995.405,0.501297
995.505,0.501235
995.605,0.501174
995.705,0.501112
995.805,0.50105
995.905,0.500988
996.005,0.500927
996.105,0.500865
996.205,0.500803
996.305,0.500741
996.405,0.50068
996.505,0.500618
996.605,0.500556
996.705,0.500495
996.805,0.500433
996.905,0.500371
997.005,0.500309
997.105,0.500248
997.205,0.500186
997.305,0.500124
997.405,0.500062
997.505,0.500001
997.605,0.499939
997.705,0.499877
997.805,0.499816
997.905,0.499754
998.005,0.499692
998.105,0.49963
998.205,0.499569
998.305,0.499507
998.405,0.499445
998.505,0.499383
998.605,0.499322
998.705,0.49926
998.805,0.499198
998.905,0.499137
999.005,0.499075
999.105,0.499013
999.205,0.498951
999.305,0.49889
999.405,0.498828
999.505,0.498766
999.605,0.498704
999.705,0.498643
999.805,0.498581
999.905,0.498519
