32
280.5
115.47
115.26,115.129,115.351,112.124
650,450
0.0228912
275,175
346.057,213.305,112.056,197.642,507.274,205.38,215.835,319.857
346.058,213.306,112.074,197.66,507.322,205.446,221.561,306.18
275,175,275,175,346.057,213.305,275,175
0.01,0.01,0.01,0.0191545
1,1,1,1
0.609375,0.0698242,0.0888672,0.0317383
65,65,65,65,65,65,65,65,65,65,65,65,65,65,65,65,65,65,65,65,65,65,65,65,65,65,65,65,65,65,65,65,65,65,65,65,65,65,65,65,65,65,65,65,65,65,65,65,65,65,65,65,65,65,65,65,65,65,65,65,65,65,65,65