36
280.5
115.47
115.26,115.129,115.351,112.124,115.214
650,450
0.0150189
275,175
346.673,214.145,115.72,203.586,536.429,245.139,196.485,334.497,326.263,150.196
346.057,213.304,115.72,203.586,507.258,205.359,196.486,334.496,430,100
275,175,275,175,346.673,214.145,115.72,203.586,275,175
0.01,0.01,0.01,0.01,0.135937
1,1,1,1,1
0.545898,0.0698242,0.0825195,0.0317383,0.0698242
65,65,65,65,65,65,65,65,65,65,65,65,65,65,65,65,65,65,65,65,65,65,65,65,65,65,65,65,65,65,65,65,65,65,65,65,65,65,65,65,65,65,65,65,65,65,65,65,65,65,65,65,65,65,65,65,65,65,65,65,65,65,65,65