35
280.5
115.47
115.26,115.129,115.351,112.124,0
650,450
0.0166877
275,175
346.057,213.304,115.72,203.586,507.258,205.359,196.486,334.496,430,100
346.057,213.304,115.721,203.586,507.258,205.359,196.488,334.493,430,100
275,175,275,175,346.057,213.304,115.72,203.586,275,175
0.01,0.01,0.01,0.01,0.2
1,1,1,1,1
0.609375,0.0698242,0.0888672,0.0317383,0
65,65,65,65,65,65,65,65,65,65,65,65,65,65,65,65,65,65,65,65,65,65,65,65,65,65,65,65,65,65,65,65,65,65,65,65,65,65,65,65,65,65,65,65,65,65,65,65,65,65,65,65,65,65,65,65,65,65,65,65,65,65,65,65