30
280.5
115.47
115.26,115.129,115.351,112.124
650,450
0.0282608
275,175
346.063,213.313,112.166,197.786,507.56,205.77,230.92,284.651
346.099,213.362,112.908,198.963,509.234,208.057,247.546,250.639
275,175,275,175,346.063,213.313,275,175
0.01,0.01,0.01,0.0560669
1,1,1,1
0.609375,0.0698242,0.0888672,0.0317383
65,65,65,65,65,65,65,65,65,65,65,65,65,65,65,65,65,65,65,65,65,65,65,65,65,65,65,65,65,65,65,65,65,65,65,65,65,65,65,65,65,65,65,65,65,65,65,65,65,65,65,65,65,65,65,65,65,65,65,65,65,65,65,65