35
280.5
115.47
115.458,115.452,115.441,110.417
650,450
0.0166877
275,175
349.221,212.612,202.47,343.224,500.243,203.102,126.235,198.925
349.221,212.612,202.464,343.22,500.248,203.106,136.881,197.208
275,175,275,175,349.221,212.612,275,175
0.01,0.01,0.01,0.027037
1,1,1,1
0.552246,0.145996,0.0952148,0.0698242
65,65,65,65,65,65,65,65,65,65,65,65,65,65,65,65,65,65,65,65,65,65,65,65,65,65,65,65,65,65,65,65,65,65,65,65,65,65,65,65,65,65,65,65,65,65,65,65,65,65,65,65,65,65,65,65,65,65,65,65,65,65,65,65,65,65,65,65,65