40
280.5
115.47
115.458,115.452,115.441,110.417,111.206
650,450
0.00985392
275,175
350.278,214.056,202.471,343.224,535.594,251.397,114.254,200.853,329.672,147.969
349.221,212.612,202.471,343.224,500.242,203.101,114.254,200.853,455.601,148.648
275,175,275,175,350.278,214.056,275,175,275,175
0.01,0.01,0.01,0.01,0.141032
1,1,1,1,1
0.501465,0.145996,0.0825195,0.0698242,0.0634766
65,65,65,65,65,65,65,65,65,65,65,65,65,65,65,65,65,65,65,65,65,65,65,65,65,65,65,65,65,65,65,65,65,65,65,65,65,65,65,65,65,65,65,65,65,65,65,65,65,65,65,65,65,65,65,65,65,65,65,65,65,65,65,65,65,65,65,65,65