39
280.5
115.47
115.458,115.452,115.441,110.417,3.66474e-307
650,450
0.0109488
275,175
349.221,212.612,202.471,343.224,500.242,203.101,114.254,200.853,455.601,148.648
349.221,212.612,202.471,343.224,500.242,203.101,114.254,200.853,455.601,148.648
275,175,275,175,349.221,212.612,275,175,275,175
0.01,0.01,0.01,0.01,0.2
1,1,1,1,1
0.552246,0.145996,0.0952148,0.0698242,0
65,65,65,65,65,65,65,65,65,65,65,65,65,65,65,65,65,65,65,65,65,65,65,65,65,65,65,65,65,65,65,65,65,65,65,65,65,65,65,65,65,65,65,65,65,65,65,65,65,65,65,65,65,65,65,65,65,65,65,65,65,65,65,65,65,65,65,65,65