265.016,0.99999
265.016,0.892155
265.116,0.892094
265.216,0.892032
265.316,0.89197
265.416,0.891908
265.516,0.891847
265.616,0.891785
265.716,0.891723
265.816,0.891661
265.916,0.8916
266.016,0.891538
266.116,0.891476
266.216,0.891414
266.316,0.891353
266.416,0.891291
266.516,0.891229
266.616,0.891168
266.716,0.891106
266.816,0.891044
266.916,0.890982
267.016,0.890921
267.116,0.890859
267.216,0.890797
267.316,0.890735
267.416,0.890674
267.516,0.890612
267.616,0.89055
267.716,0.890489
267.816,0.890427
267.916,0.890365
268.016,0.890303
268.116,0.890242
268.216,0.89018
268.316,0.890118
268.416,0.890056
268.516,0.889995
268.616,0.889933
268.716,0.889871
268.816,0.88981
268.916,0.889748
269.016,0.889686
269.116,0.889624
269.216,0.889563
269.316,0.889501
269.416,0.889439
269.516,0.889377
269.616,0.889316
269.716,0.889254
269.816,0.889192
269.916,0.889131
270.016,0.889069
270.116,0.889007
270.216,0.888945
270.316,0.888884
270.416,0.888822
270.516,0.88876
270.616,0.888698
270.716,0.888637
270.816,0.888575
270.916,0.888513
271.016,0.888452
271.116,0.88839
271.216,0.888328
271.316,0.888266
271.416,0.888205
271.516,0.888143
271.616,0.888081
271.716,0.888019
271.816,0.887958
271.916,0.887896
272.016,0.887834
272.116,0.887773
272.216,0.887711
272.316,0.887649
272.416,0.887587
272.516,0.887526
272.616,0.887464
272.716,0.887402
272.816,0.88734
272.916,0.887279
273.016,0.887217
273.116,0.887155
273.216,0.887094
273.316,0.887032
273.416,0.88697
273.516,0.886908
273.616,0.886847
273.716,0.886785
273.816,0.886723
273.916,0.886661
274.016,0.8866
274.116,0.886538
274.216,0.886476
274.316,0.886414
274.416,0.886353
274.516,0.886291
274.616,0.886229
274.716,0.886168
274.816,0.886106
274.916,0.886044
275.016,0.885982
275.116,0.885921
275.216,0.885859
275.316,0.885797
275.416,0.885735
275.516,0.885674
275.616,0.885612
275.716,0.88555
275.816,0.885489
275.916,0.885427
276.016,0.885365
276.116,0.885303
276.216,0.885242
276.316,0.88518
276.416,0.885118
276.516,0.885056
276.616,0.884995
276.716,0.884933
276.816,0.884871
276.916,0.88481
277.016,0.884748
277.116,0.884686
277.216,0.884624
277.316,0.884563
277.416,0.884501
277.516,0.884439
277.616,0.884377
277.716,0.884316
277.816,0.884254
277.916,0.884192
278.016,0.884131
278.116,0.884069
278.216,0.884007
278.316,0.883945
278.416,0.883884
278.516,0.883822
278.616,0.88376
278.716,0.883698
278.816,0.883637
278.916,0.883575
279.016,0.883513
279.116,0.883452
279.216,0.88339
279.316,0.883328
279.416,0.883266
279.516,0.883205
279.616,0.883143
279.716,0.883081
279.816,0.883019
279.916,0.882958
280.016,0.882896
280.116,0.882834
280.216,0.882773
280.316,0.882711
280.416,0.882649
280.516,0.882587
280.616,0.882526
280.716,0.882464
280.816,0.882402
280.916,0.88234
281.016,0.882279
281.116,0.882217
281.216,0.882155
281.316,0.882094
281.416,0.882032
281.516,0.88197
281.616,0.881908
281.716,0.881847
281.816,0.881785
281.916,0.881723
282.016,0.881661
282.116,0.8816
282.216,0.881538
282.316,0.881476
282.416,0.881414
282.516,0.881353
282.574,0.770622
282.616,0.770596
282.716,0.770534
282.816,0.770472
282.916,0.77041
283.016,0.770349
283.116,0.770287
283.216,0.770225
283.316,0.770164
283.416,0.770102
283.516,0.77004
283.616,0.769978
283.716,0.769917
283.816,0.769855
283.916,0.769793
284.016,0.769731
284.116,0.76967
284.216,0.769608
284.316,0.769546
284.416,0.769485
284.516,0.769423
284.616,0.769361
284.716,0.769299
284.816,0.769238
284.916,0.769176
285.016,0.769114
285.116,0.769052
285.216,0.768991
285.316,0.768929
285.345,0.768929
285.416,0.768867
285.516,0.768806
285.616,0.768744
285.716,0.768682
285.816,0.76862
285.916,0.768559
286.016,0.768497
286.116,0.768435
286.216,0.768373
286.316,0.768312
286.416,0.76825
286.516,0.768188
286.616,0.768127
286.716,0.768065
286.816,0.768003
286.916,0.767941
287.016,0.76788
287.116,0.767818
287.216,0.767756
287.316,0.767694
287.416,0.767633
287.516,0.767571
287.616,0.767509
287.716,0.767448
287.816,0.767386
287.916,0.767324
288.016,0.767262
288.116,0.767201
288.216,0.767139
288.316,0.767077
288.416,0.767015
288.516,0.766954
288.616,0.766892
288.716,0.76683
288.816,0.766768
288.916,0.766707
289.016,0.766645
289.116,0.766583
289.216,0.766522
289.316,0.76646
289.416,0.766398
289.516,0.766336
289.616,0.766275
289.716,0.766213
289.816,0.766151
289.916,0.766089
290.016,0.766028
290.116,0.765966
290.216,0.765904
290.316,0.765843
290.416,0.765781
290.516,0.765719
290.616,0.765657
290.716,0.765596
290.816,0.765534
290.916,0.765472
291.016,0.76541
291.116,0.765349
291.216,0.765287
291.316,0.765225
291.416,0.765164
291.516,0.765102
291.616,0.76504
291.716,0.764978
291.816,0.764917
291.916,0.764855
292.016,0.764793
292.116,0.764731
292.216,0.76467
292.316,0.764608
292.416,0.764546
292.516,0.764485
292.616,0.764423
292.716,0.764361
292.816,0.764299
292.916,0.764238
293.016,0.764176
293.116,0.764114
293.216,0.764052
293.316,0.763991
293.416,0.763929
293.516,0.763867
293.616,0.763806
293.716,0.763744
293.816,0.763682
293.916,0.76362
294.016,0.763559
294.116,0.763497
294.216,0.763435
294.316,0.763373
294.416,0.763312
294.516,0.76325
294.616,0.763188
294.716,0.763127
294.816,0.763065
294.916,0.763003
295.016,0.762941
295.116,0.76288
295.216,0.762818
295.316,0.762756
295.416,0.762694
295.516,0.762633
295.616,0.762571
295.716,0.762509
295.816,0.762448
295.916,0.762386
296.016,0.762324
296.116,0.762262
296.216,0.762201
296.316,0.762139
296.416,0.762077
296.516,0.762015
296.616,0.761954
296.716,0.761892
296.816,0.76183
296.916,0.761768
297.016,0.761707
297.116,0.761645
297.216,0.761583
297.316,0.761522
297.416,0.76146
297.516,0.761398
297.616,0.761336
297.716,0.761275
297.816,0.761213
297.916,0.761151
298.016,0.761089
298.116,0.761028
298.216,0.760966
298.316,0.760904
298.416,0.760843
298.516,0.760781
298.616,0.760719
298.716,0.760657
298.816,0.760596
298.916,0.760534
299.016,0.760472
299.116,0.76041
299.216,0.760349
299.316,0.760287
299.416,0.760225
299.516,0.760164
299.616,0.760102
299.716,0.76004
299.816,0.759978
299.916,0.759917
300.016,0.759855
300.116,0.759793
300.216,0.759731
300.304,0.759699
300.316,0.759637
300.416,0.759576
300.516,0.759514
300.616,0.759452
300.716,0.75939
300.816,0.759329
300.916,0.759267
301.016,0.759205
301.116,0.759143
301.216,0.759082
301.316,0.75902
301.416,0.758958
301.516,0.758897
301.616,0.758835
301.716,0.758773
301.816,0.758711
301.916,0.75865
302.016,0.758588
302.116,0.758526
302.216,0.758464
302.316,0.758403
302.416,0.758341
302.516,0.758279
302.616,0.758218
302.716,0.758156
302.816,0.758094
302.916,0.758032
303.016,0.757971
303.116,0.757909
303.216,0.757847
303.316,0.757785
303.416,0.757724
303.424,0.75771
303.516,0.757648
303.616,0.757587
303.716,0.757525
303.733,0.757523
303.816,0.757461
303.916,0.7574
304.016,0.757338
304.116,0.757276
304.216,0.757214
304.316,0.757153
304.416,0.757091
304.516,0.757029
304.593,0.757022
304.616,0.75696
304.716,0.756898
304.816,0.756837
304.916,0.756775
305.016,0.756713
305.116,0.756651
305.216,0.75659
305.316,0.756528
305.416,0.756466
305.507,0.756456
305.516,0.756395
305.616,0.756333
305.716,0.756271
305.816,0.756209
305.916,0.756148
306.016,0.756086
306.116,0.756024
306.216,0.755962
306.316,0.755901
306.414,0.755889
306.416,0.755827
306.516,0.755766
306.616,0.755704
306.716,0.755642
306.816,0.75558
306.916,0.755519
307.016,0.755457
307.116,0.755395
307.216,0.755333
307.316,0.755272
307.416,0.75521
307.516,0.755148
307.517,0.755131
307.616,0.75507
307.716,0.755008
307.816,0.754946
307.916,0.754885
308.016,0.754823
308.116,0.754761
308.216,0.754699
308.316,0.754638
308.416,0.754576
308.516,0.754514
308.616,0.754452
308.716,0.754391
308.816,0.754329
308.916,0.754267
309.016,0.754206
309.116,0.754144
309.216,0.754082
309.316,0.75402
309.416,0.753959
309.516,0.753897
309.616,0.753835
309.716,0.753773
309.816,0.753712
309.916,0.75365
310.016,0.753588
310.116,0.753527
310.216,0.753465
310.316,0.753403
310.416,0.753341
310.516,0.75328
310.616,0.753218
310.716,0.753156
310.816,0.753094
310.916,0.753033
311.016,0.752971
311.116,0.752909
311.216,0.752848
311.316,0.752786
311.416,0.752724
311.516,0.752662
311.616,0.752601
311.716,0.752539
311.816,0.752477
311.916,0.752415
312.016,0.752354
312.116,0.752292
312.216,0.75223
312.316,0.752169
312.416,0.752107
312.516,0.752045
312.616,0.751983
312.716,0.751922
312.816,0.75186
312.916,0.751798
313.016,0.751736
313.116,0.751675
313.216,0.751613
313.316,0.751551
313.416,0.75149
313.516,0.751428
313.616,0.751366
313.716,0.751304
313.816,0.751243
313.916,0.751181
314.016,0.751119
314.116,0.751057
314.216,0.750996
314.316,0.750934
314.416,0.750872
314.516,0.750811
314.616,0.750749
314.716,0.750687
314.816,0.750625
314.916,0.750564
315.016,0.750502
315.116,0.75044
315.216,0.750378
315.316,0.750317
315.416,0.750255
315.516,0.750193
315.616,0.750131
315.716,0.75007
315.816,0.750008
315.916,0.749946
316.016,0.749885
316.116,0.749823
316.216,0.749761
316.316,0.749699
316.416,0.749638
316.516,0.749576
316.616,0.749514
316.716,0.749452
316.816,0.749391
316.916,0.749329
317.016,0.749267
317.116,0.749206
317.216,0.749144
317.316,0.749082
317.416,0.74902
317.516,0.748959
317.616,0.748897
317.716,0.748835
317.816,0.748773
317.916,0.748712
318.016,0.74865
318.116,0.748588
318.216,0.748527
318.316,0.748465
318.416,0.748403
318.516,0.748341
318.616,0.74828
318.716,0.748218
318.816,0.748156
318.916,0.748094
319.016,0.748033
319.116,0.747971
319.216,0.747909
319.316,0.747848
319.416,0.747786
319.516,0.747724
319.616,0.747662
319.716,0.747601
319.816,0.747539
319.916,0.747477
320.016,0.747415
320.116,0.747354
320.216,0.747292
320.316,0.74723
320.416,0.747169
320.516,0.747107
320.616,0.747045
320.716,0.746983
320.816,0.746922
320.916,0.74686
321.016,0.746798
321.116,0.746736
321.216,0.746675
321.316,0.746613
321.416,0.746551
321.516,0.74649
321.616,0.746428
321.716,0.746366
321.816,0.746304
321.916,0.746243
322.016,0.746181
322.116,0.746119
322.216,0.746057
322.316,0.745996
322.416,0.745934
322.516,0.745872
322.616,0.745811
322.716,0.745749
322.816,0.745687
322.916,0.745625
323.016,0.745564
323.116,0.745502
323.216,0.74544
323.316,0.745378
323.416,0.745317
323.516,0.745255
323.616,0.745193
323.716,0.745131
323.816,0.74507
323.916,0.745008
324.016,0.744946
324.116,0.744885
324.216,0.744823
324.316,0.744761
324.416,0.744699
324.516,0.744638
324.616,0.744576
324.716,0.744514
324.816,0.744452
324.916,0.744391
325.016,0.744329
325.116,0.744267
325.216,0.744206
325.316,0.744144
325.416,0.744082
325.516,0.74402
325.616,0.743959
325.716,0.743897
325.816,0.743835
325.916,0.743773
326.016,0.743712
326.116,0.74365
326.216,0.743588
326.316,0.743527
326.416,0.743465
326.516,0.743403
326.616,0.743341
326.716,0.74328
326.816,0.743218
326.916,0.743156
327.016,0.743094
327.116,0.743033
327.216,0.742971
327.316,0.742909
327.416,0.742848
327.516,0.742786
327.616,0.742724
327.716,0.742662
327.816,0.742601
327.916,0.742539
328.016,0.742477
328.116,0.742415
328.216,0.742354
328.316,0.742292
328.416,0.74223
328.516,0.742169
328.616,0.742107
328.716,0.742045
328.816,0.741983
328.916,0.741922
329.016,0.74186
329.116,0.741798
329.216,0.741736
329.316,0.741675
329.416,0.741613
329.516,0.741551
329.616,0.74149
329.716,0.741428
329.816,0.741366
329.916,0.741304
330.016,0.741243
330.016,0.630512
330.116,0.630451
330.216,0.630389
330.316,0.630327
330.416,0.630265
330.506,0.519457
330.516,0.519451
330.616,0.51939
330.716,0.519328
330.816,0.519266
330.916,0.519204
331.016,0.519143
331.116,0.519081
331.216,0.519019
331.316,0.518957
331.416,0.518896
331.516,0.518834
331.616,0.518772
331.716,0.518711
331.816,0.518649
331.916,0.518587
332.016,0.518525
332.116,0.518464
332.216,0.518402
332.316,0.51834
332.416,0.518278
332.516,0.518217
332.616,0.518155
332.716,0.518093
332.816,0.518032
332.916,0.51797
333.016,0.517908
333.116,0.517846
333.216,0.517785
333.316,0.517723
333.416,0.517661
333.516,0.517599
333.616,0.517538
333.716,0.517476
333.816,0.517414
333.916,0.517353
334.016,0.517291
334.116,0.517229
334.216,0.517167
334.316,0.517106
334.416,0.517044
334.516,0.516982
334.616,0.51692
334.716,0.516859
334.816,0.516797
334.916,0.516735
335.016,0.516674
335.116,0.516612
335.216,0.51655
335.316,0.516488
335.416,0.516427
335.516,0.516365
335.616,0.516303
335.716,0.516241
335.816,0.51618
335.916,0.516118
336.016,0.516056
336.116,0.515995
336.216,0.515933
336.316,0.515871
336.416,0.515809
336.516,0.515748
336.616,0.515686
336.716,0.515624
336.816,0.515562
336.916,0.515501
337.016,0.515439
337.116,0.515377
337.216,0.515315
337.316,0.515254
337.416,0.515192
337.516,0.51513
337.616,0.515069
337.716,0.515007
337.816,0.514945
337.916,0.514883
338.016,0.514822
338.116,0.51476
338.216,0.514698
338.316,0.514636
338.416,0.514575
338.516,0.514513
338.616,0.514451
338.716,0.51439
338.816,0.514328
338.916,0.514266
339.016,0.514204
339.116,0.514143
339.216,0.514081
339.316,0.514019
339.416,0.513957
339.516,0.513896
339.616,0.513834
339.716,0.513772
339.816,0.513711
339.916,0.513649
340.016,0.513587
340.116,0.513525
340.216,0.513464
340.316,0.513402
340.416,0.51334
340.516,0.513278
340.616,0.513217
340.716,0.513155
340.816,0.513093
340.916,0.513032
341.016,0.51297
341.116,0.512908
341.216,0.512846
341.316,0.512785
341.416,0.512723
341.516,0.512661
341.616,0.512599
341.716,0.512538
341.816,0.512476
341.916,0.512414
342.016,0.512353
342.116,0.512291
342.216,0.512229
342.316,0.512167
342.416,0.512106
342.516,0.512044
342.616,0.511982
342.716,0.51192
342.816,0.511859
342.916,0.511797
343.016,0.511735
343.116,0.511674
343.216,0.511612
343.316,0.51155
343.416,0.511488
343.516,0.511427
343.616,0.511365
343.716,0.511303
343.816,0.511241
343.916,0.51118
344.016,0.511118
344.116,0.511056
344.216,0.510995
344.316,0.510933
344.416,0.510871
344.516,0.510809
344.616,0.510748
344.716,0.510686
344.816,0.510624
344.916,0.510562
345.016,0.510501
345.116,0.510439
345.216,0.510377
345.316,0.510315
345.416,0.510254
345.516,0.510192
345.616,0.51013
345.716,0.510069
345.816,0.510007
345.916,0.509945
346.016,0.509883
346.116,0.509822
346.216,0.50976
346.316,0.509698
346.416,0.509636
346.516,0.509575
346.616,0.509513
346.716,0.509451
346.816,0.50939
346.916,0.509328
347.016,0.509266
347.116,0.509204
347.216,0.509143
347.316,0.509081
347.416,0.509019
347.516,0.508957
347.616,0.508896
347.716,0.508834
347.816,0.508772
347.916,0.508711
348.016,0.508649
348.116,0.508587
348.216,0.508525
348.316,0.508464
348.416,0.508402
348.516,0.50834
348.616,0.508278
348.716,0.508217
348.816,0.508155
348.916,0.508093
349.016,0.508032
349.116,0.50797
349.216,0.507908
349.316,0.507846
349.416,0.507785
349.516,0.507723
349.616,0.507661
349.716,0.507599
349.816,0.507538
349.916,0.507476
350.016,0.507414
350.116,0.507353
350.216,0.507291
350.316,0.507229
350.416,0.507167
350.516,0.507106
350.616,0.507044
350.716,0.506982
350.816,0.50692
350.916,0.506859
351.016,0.506797
351.116,0.506735
351.216,0.506674
351.316,0.506612
351.416,0.50655
351.516,0.506488
351.616,0.506427
351.716,0.506365
351.816,0.506303
351.916,0.506241
352.016,0.50618
352.116,0.506118
352.216,0.506056
352.316,0.505995
352.416,0.505933
352.516,0.505871
352.616,0.505809
352.716,0.505748
352.816,0.505686
352.916,0.505624
353.016,0.505562
353.116,0.505501
353.216,0.505439
353.316,0.505377
353.416,0.505315
353.516,0.505254
353.616,0.505192
353.716,0.50513
353.816,0.505069
353.916,0.505007
354.016,0.504945
354.116,0.504883
354.216,0.504822
354.316,0.50476
354.416,0.504698
354.516,0.504636
354.616,0.504575
354.716,0.504513
354.816,0.504451
354.916,0.50439
355.016,0.504328
355.116,0.504266
355.216,0.504204
355.316,0.504143
355.416,0.504081
355.516,0.504019
355.616,0.503957
355.716,0.503896
355.816,0.503834
355.916,0.503772
356.016,0.503711
356.116,0.503649
356.216,0.503587
356.316,0.503525
356.416,0.503464
356.516,0.503402
356.616,0.50334
356.716,0.503278
356.816,0.503217
356.916,0.503155
357.016,0.503093
357.116,0.503032
357.216,0.50297
357.316,0.502908
357.416,0.502846
357.516,0.502785
357.616,0.502723
357.716,0.502661
357.816,0.502599
357.916,0.502538
358.016,0.502476
358.116,0.502414
358.216,0.502353
358.316,0.502291
358.416,0.502229
358.516,0.502167
358.616,0.502106
358.716,0.502044
358.816,0.501982
358.916,0.50192
359.016,0.501859
359.116,0.501797
359.216,0.501735
359.316,0.501674
359.416,0.501612
359.516,0.50155
359.616,0.501488
359.716,0.501427
359.816,0.501365
359.916,0.501303
360.016,0.501241
360.116,0.50118
360.216,0.501118
360.316,0.501056
360.416,0.500995
360.516,0.500933
360.616,0.500871
360.716,0.500809
360.816,0.500748
360.916,0.500686
361.016,0.500624
361.116,0.500562
361.216,0.500501
361.316,0.500439
361.416,0.500377
361.516,0.500315
361.616,0.500254
361.716,0.500192
361.816,0.50013
361.916,0.500069
362.016,0.500007
362.116,0.499945
362.178,0.498998
362.216,0.498936
362.316,0.498874
362.416,0.498813
362.516,0.498751
362.616,0.498689
362.716,0.498628
362.816,0.498566
362.916,0.498504
363.016,0.498442
363.116,0.498381
363.216,0.498319
363.316,0.498257
363.416,0.498195
363.516,0.498134
363.616,0.498072
363.716,0.49801
363.816,0.497949
363.916,0.497887
364.016,0.497825
364.116,0.497763
364.216,0.497702
364.316,0.49764
364.416,0.497578
364.516,0.497516
364.616,0.497455
364.716,0.497393
364.816,0.497331
364.916,0.497269
365.016,0.497208
365.116,0.497146
365.216,0.497084
365.316,0.497023
365.416,0.496961
365.516,0.496899
365.616,0.496837
365.716,0.496776
365.816,0.496714
365.916,0.496652
366.016,0.49659
366.116,0.496529
366.216,0.496467
366.316,0.496405
366.416,0.496344
366.516,0.496282
366.517,0.496197
366.616,0.496136
366.716,0.496074
366.816,0.496012
366.916,0.49595
367.016,0.495889
367.116,0.495827
367.216,0.495765
367.316,0.495703
367.416,0.495642
367.418,0.495622
367.516,0.49556
367.616,0.495499
367.716,0.495437
367.816,0.495375
367.916,0.495314
367.932,0.495301
368.016,0.49524
368.116,0.495178
368.216,0.495116
368.316,0.495054
368.416,0.494993
368.516,0.494931
368.616,0.494869
368.716,0.494807
368.816,0.494746
368.916,0.494684
369.016,0.494622
369.116,0.494561
369.216,0.494499
369.316,0.494437
369.416,0.494375
369.516,0.494314
369.616,0.494252
369.716,0.49419
369.816,0.494128
369.916,0.494067
370.016,0.494005
370.116,0.493943
370.216,0.493882
370.316,0.49382
370.416,0.493758
370.516,0.493696
370.588,0.493627
370.616,0.493566
370.716,0.493504
370.816,0.493442
370.916,0.49338
371.016,0.493319
371.116,0.493257
371.216,0.493195
371.316,0.493133
371.416,0.493072
371.516,0.49301
371.524,0.492984
371.616,0.492922
371.716,0.49286
371.816,0.492798
371.916,0.492737
372.016,0.492675
372.116,0.492613
372.216,0.492552
372.316,0.49249
372.416,0.492428
372.516,0.492366
372.616,0.492305
372.716,0.492243
372.816,0.492181
372.916,0.492119
373.016,0.492058
373.116,0.491996
373.216,0.491934
373.316,0.491873
373.416,0.491811
373.516,0.491749
373.616,0.491687
373.716,0.491626
373.816,0.491564
373.916,0.491502
373.923,0.491429
374.016,0.491368
374.116,0.491306
374.216,0.491244
374.316,0.491183
374.416,0.491121
374.516,0.491059
374.616,0.490997
374.716,0.490936
374.816,0.490874
374.916,0.490812
375.016,0.49075
375.116,0.490689
375.216,0.490627
375.316,0.490565
375.416,0.490504
375.516,0.490442
375.616,0.49038
375.716,0.490318
375.816,0.490257
375.916,0.490195
376.016,0.490133
376.116,0.490071
376.216,0.49001
376.316,0.489948
376.416,0.489886
376.516,0.489824
376.616,0.489763
376.716,0.489701
376.816,0.489639
376.916,0.489578
377.016,0.489516
377.116,0.489454
377.216,0.489392
377.316,0.489331
377.416,0.489269
377.516,0.489207
377.616,0.489145
377.716,0.489084
377.816,0.489022
377.916,0.48896
378.016,0.488899
378.116,0.488837
378.216,0.488775
378.316,0.488713
378.416,0.488652
378.516,0.48859
378.616,0.488528
378.716,0.488466
378.816,0.488405
378.916,0.488343
379.016,0.488281
379.116,0.48822
379.216,0.488158
379.316,0.488096
379.416,0.488034
379.516,0.487973
379.616,0.487911
379.716,0.487849
379.816,0.487787
379.916,0.487726
380.016,0.487664
380.116,0.487602
380.216,0.487541
380.316,0.487479
380.416,0.487417
380.516,0.487355
380.616,0.487294
380.716,0.487232
380.816,0.48717
380.916,0.487108
381.016,0.487047
381.116,0.486985
381.216,0.486923
381.316,0.486862
381.416,0.4868
381.516,0.486738
381.616,0.486676
381.716,0.486615
381.816,0.486553
381.916,0.486491
382.016,0.486429
382.116,0.486368
382.216,0.486306
382.316,0.486244
382.416,0.486183
382.516,0.486121
382.616,0.486059
382.706,0.485774
382.716,0.485712
382.743,0.485711
382.816,0.485649
382.916,0.485587
383.016,0.485526
383.116,0.485464
383.216,0.485402
383.316,0.48534
383.416,0.485279
383.516,0.485217
383.616,0.485155
383.716,0.485093
383.816,0.485032
383.832,0.484992
383.887,0.484989
383.916,0.484928
384.016,0.484866
384.116,0.484804
384.216,0.484743
384.316,0.484681
384.416,0.484619
384.516,0.484557
384.616,0.484496
384.716,0.484434
384.816,0.484372
384.916,0.48431
385.016,0.484249
385.116,0.484187
385.216,0.484125
385.316,0.484063
385.416,0.484002
385.516,0.48394
385.616,0.483878
385.716,0.483817
385.788,0.483738
385.816,0.483677
385.916,0.483615
386.016,0.483553
386.116,0.483491
386.216,0.48343
386.316,0.483368
386.416,0.483306
386.494,0.483276
386.516,0.483214
386.616,0.483152
386.716,0.48309
386.816,0.483029
386.916,0.482967
387.016,0.482905
387.116,0.482844
387.216,0.482782
387.316,0.48272
387.416,0.482658
387.516,0.482597
387.616,0.482535
387.716,0.482473
387.816,0.482411
387.916,0.48235
388.016,0.482288
388.116,0.482226
388.216,0.482165
388.316,0.482103
388.416,0.482041
388.516,0.481979
388.616,0.481918
388.716,0.481856
388.816,0.481794
388.916,0.481732
389.016,0.481671
389.116,0.481609
389.216,0.481547
389.316,0.481486
389.416,0.481424
389.427,0.48129
389.516,0.481229
389.616,0.481167
389.716,0.481105
389.816,0.481043
389.916,0.480982
390.016,0.48092
390.116,0.480858
390.216,0.480797
390.316,0.480735
390.416,0.480673
390.516,0.480611
390.616,0.48055
390.716,0.480488
390.816,0.480426
390.916,0.480364
391.016,0.480303
391.116,0.480241
391.216,0.480179
391.316,0.480118
391.416,0.480056
391.516,0.479994
391.616,0.479932
391.716,0.479871
391.816,0.479809
391.916,0.479747
392.016,0.479685
392.116,0.479624
392.216,0.479562
392.316,0.4795
392.416,0.479439
392.516,0.479377
392.616,0.479315
392.716,0.479253
392.816,0.479192
392.916,0.47913
393.016,0.479068
393.116,0.479006
393.216,0.478945
393.316,0.478883
393.416,0.478821
393.516,0.47876
393.616,0.478698
393.716,0.478636
393.816,0.478574
393.916,0.478513
394.016,0.478451
394.116,0.478389
394.216,0.478327
394.316,0.478266
394.416,0.478204
394.516,0.478142
394.616,0.47808
394.716,0.478019
394.816,0.477957
394.916,0.477895
395.005,0.47784
395.005,0.367032
395.105,0.36697
395.205,0.366909
395.305,0.366847
395.405,0.366785
395.505,0.366724
395.605,0.366662
395.705,0.3666
395.805,0.366538
395.905,0.366477
396.005,0.366415
396.105,0.366353
396.205,0.366291
396.305,0.36623
396.405,0.366168
396.505,0.366106
396.605,0.366044
396.705,0.365983
396.805,0.365921
396.905,0.365859
397.005,0.365798
397.105,0.365736
397.205,0.365674
397.305,0.365612
397.405,0.365551
397.505,0.365489
397.605,0.365427
397.705,0.365365
397.805,0.365304
397.905,0.365242
398.005,0.36518
398.105,0.365119
398.205,0.365057
398.305,0.364995
398.405,0.364933
398.505,0.364872
398.605,0.36481
398.705,0.364748
398.805,0.364686
398.905,0.364625
399.005,0.364563
399.105,0.364501
399.205,0.36444
399.305,0.364378
399.405,0.364316
399.505,0.364254
399.605,0.364193
399.705,0.364131
399.805,0.364069
399.905,0.364007
400.005,0.363946
400.105,0.363884
400.205,0.363822
400.305,0.363761
400.405,0.363699
400.505,0.363637
400.605,0.363575
400.705,0.363514
400.805,0.363452
400.905,0.36339
401.005,0.363328
401.105,0.363267
401.205,0.363205
401.305,0.363143
401.405,0.363082
401.505,0.36302
401.605,0.362958
401.705,0.362896
401.778,0.362308
401.805,0.362246
401.905,0.362184
402.005,0.362123
402.105,0.362061
402.205,0.361999
402.305,0.361937
402.405,0.361876
402.505,0.361814
402.605,0.361752
402.705,0.36169
402.805,0.361629
402.905,0.361567
403.005,0.361505
403.105,0.361444
403.205,0.361382
403.305,0.36132
403.405,0.361258
403.505,0.361197
403.605,0.361135
403.705,0.361073
403.805,0.361011
403.905,0.36095
404.005,0.360888
404.105,0.360826
404.205,0.360765
404.305,0.360703
404.405,0.360641
404.505,0.360579
404.605,0.360518
404.705,0.360456
404.805,0.360394
404.905,0.360332
405.005,0.360271
405.105,0.360209
405.205,0.360147
405.305,0.360086
405.405,0.360024
405.505,0.359962
405.605,0.3599
405.705,0.359839
405.805,0.359777
405.905,0.359715
406.005,0.359653
406.105,0.359592
406.205,0.35953
406.305,0.359468
406.405,0.359407
406.505,0.359345
406.605,0.359283
406.705,0.359221
406.805,0.35916
406.905,0.359098
407.005,0.359036
407.105,0.358974
407.205,0.358913
407.305,0.358851
407.405,0.358789
407.505,0.358728
407.605,0.358666
407.705,0.358604
407.805,0.358542
407.905,0.358481
408.005,0.358419
408.105,0.358357
408.205,0.358295
408.271,0.357972
408.305,0.35791
408.405,0.357848
408.505,0.357787
408.605,0.357725
408.705,0.357663
408.805,0.357602
408.905,0.35754
409.005,0.357478
409.105,0.357416
409.205,0.357355
409.305,0.357293
409.405,0.357231
409.505,0.357169
409.605,0.357108
409.705,0.357046
409.805,0.356984
409.905,0.356923
410.005,0.356861
410.105,0.356799
410.205,0.356737
410.305,0.356676
410.405,0.356614
410.505,0.356552
410.605,0.35649
410.705,0.356429
410.805,0.356367
410.822,0.356234
410.905,0.356173
411.005,0.356111
411.105,0.356049
411.205,0.355987
411.305,0.355926
411.405,0.355864
411.505,0.355802
411.605,0.355741
411.705,0.355679
411.805,0.355617
411.905,0.355555
412.005,0.355494
412.105,0.355432
412.205,0.35537
412.305,0.355308
412.405,0.355247
412.505,0.355185
412.605,0.355123
412.705,0.355062
412.805,0.355
412.905,0.354938
413.005,0.354876
413.105,0.354815
413.205,0.354753
413.305,0.354691
413.405,0.354629
413.505,0.354568
413.605,0.354506
413.705,0.354444
413.805,0.354383
413.905,0.354321
414.005,0.354259
414.105,0.354197
414.205,0.354136
414.305,0.354074
414.405,0.354012
414.505,0.35395
414.605,0.353889
414.705,0.353827
414.805,0.353765
414.905,0.353703
415.005,0.353642
415.105,0.35358
415.205,0.353518
415.305,0.353457
415.405,0.353395
415.505,0.353333
415.605,0.353271
415.705,0.35321
415.805,0.353148
415.905,0.353086
416.005,0.353024
416.105,0.352963
416.205,0.352901
416.305,0.352839
416.405,0.352778
416.505,0.352716
416.605,0.352654
416.705,0.352592
416.805,0.352531
416.905,0.352469
417.005,0.352407
417.105,0.352345
417.205,0.352284
417.305,0.352222
417.405,0.35216
417.505,0.352099
417.605,0.352037
417.705,0.351975
417.805,0.351913
417.905,0.351852
418.005,0.35179
418.105,0.351728
418.205,0.351666
418.305,0.351605
418.405,0.351543
418.505,0.351481
418.514,0.351065
418.605,0.351003
418.705,0.350941
418.805,0.35088
418.905,0.350818
419.005,0.350756
419.105,0.350694
419.205,0.350633
419.305,0.350571
419.405,0.350509
419.505,0.350447
419.605,0.350386
419.705,0.350324
419.805,0.350262
419.905,0.350201
420.005,0.350139
420.105,0.350077
420.205,0.350015
420.305,0.349954
420.405,0.349892
420.505,0.34983
420.605,0.349768
420.705,0.349707
420.805,0.349645
420.905,0.349583
421.005,0.349521
421.105,0.34946
421.205,0.349398
421.305,0.349336
421.405,0.349275
421.505,0.349213
421.605,0.349151
421.705,0.349089
421.805,0.349028
421.905,0.348966
422.005,0.348904
422.105,0.348842
422.205,0.348781
422.305,0.348719
422.405,0.348657
422.505,0.348596
422.605,0.348534
422.705,0.348472
422.805,0.34841
422.905,0.348349
423.005,0.348287
423.105,0.348225
423.205,0.348163
423.305,0.348102
423.405,0.34804
423.505,0.347978
423.529,0.234024
423.605,0.233977
423.705,0.233916
423.805,0.233854
423.905,0.233792
424.005,0.23373
424.105,0.233669
424.205,0.233607
424.305,0.233545
424.405,0.233484
424.505,0.233422
424.605,0.23336
424.705,0.233298
424.805,0.233237
424.905,0.233175
425.005,0.233113
425.105,0.233051
425.205,0.23299
425.305,0.232928
425.405,0.232866
425.505,0.232805
425.605,0.232743
425.705,0.232681
425.805,0.232619
425.905,0.232558
426.005,0.232496
426.105,0.232434
426.205,0.232372
426.305,0.232311
426.405,0.232249
426.505,0.232187
426.605,0.232126
426.705,0.232064
426.805,0.232002
426.905,0.23194
427.005,0.231879
427.105,0.231817
427.205,0.231755
427.305,0.231693
427.405,0.231632
427.505,0.23157
427.605,0.231508
427.705,0.231447
427.805,0.231385
427.905,0.231323
428.005,0.231261
428.105,0.2312
428.205,0.231138
428.305,0.231076
428.405,0.231014
428.505,0.230953
428.605,0.230891
428.705,0.230829
428.805,0.230768
428.905,0.230706
429.005,0.230644
429.105,0.230582
429.205,0.230521
429.305,0.230459
429.405,0.230397
429.505,0.230335
429.605,0.230274
429.705,0.230212
429.805,0.23015
429.905,0.230088
430.005,0.230027
430.105,0.229965
430.205,0.229903
430.305,0.229842
430.405,0.22978
430.505,0.229718
430.605,0.229656
430.705,0.229595
430.805,0.229533
430.905,0.229471
431.005,0.229409
431.105,0.229348
431.205,0.229286
431.305,0.229224
431.405,0.229163
431.505,0.229101
431.605,0.229039
431.705,0.228977
431.805,0.228916
431.905,0.228854
432.005,0.228792
432.105,0.22873
432.205,0.228669
432.305,0.228607
432.405,0.228545
432.505,0.228484
432.605,0.228422
432.705,0.22836
432.805,0.228298
432.905,0.228237
433.005,0.228175
433.105,0.228113
433.205,0.228051
433.305,0.22799
433.405,0.227928
433.505,0.227866
433.605,0.227805
433.705,0.227743
433.805,0.227681
433.905,0.227619
434.005,0.227558
434.105,0.227496
434.205,0.227434
434.305,0.227372
434.405,0.227311
434.505,0.227249
434.605,0.227187
434.705,0.227126
434.805,0.227064
434.905,0.227002
435.005,0.22694
435.105,0.226879
435.205,0.226817
435.305,0.226755
435.405,0.226693
435.505,0.226632
435.605,0.22657
435.705,0.226508
435.805,0.226447
435.905,0.226385
436.005,0.226323
436.105,0.226261
436.205,0.2262
436.305,0.226138
436.405,0.226076
436.505,0.226014
436.605,0.225953
436.705,0.225891
436.805,0.225829
436.905,0.225768
437.005,0.225706
437.105,0.225644
437.205,0.225582
437.305,0.225521
437.405,0.225459
437.505,0.225397
437.605,0.225335
437.705,0.225274
437.805,0.225212
437.905,0.22515
438.005,0.225088
438.105,0.225027
438.205,0.224965
438.305,0.224903
438.405,0.224842
438.505,0.22478
438.605,0.224718
438.705,0.224656
438.805,0.224595
438.905,0.224533
439.005,0.224471
439.105,0.224409
439.205,0.224348
439.305,0.224286
439.405,0.224224
439.505,0.224163
439.605,0.224101
439.705,0.224039
439.805,0.223977
439.905,0.223916
440.005,0.223854
440.105,0.223792
440.136,0.222574
440.205,0.222513
440.305,0.222451
440.405,0.222389
440.505,0.222328
440.605,0.222266
440.705,0.222204
440.805,0.222142
440.905,0.222081
441.005,0.222019
441.105,0.221957
441.205,0.221895
441.305,0.221834
441.405,0.221772
441.505,0.22171
441.605,0.221649
441.705,0.221587
441.805,0.221525
441.905,0.221463
442.005,0.221402
442.105,0.22134
442.205,0.221278
442.305,0.221216
442.405,0.221155
442.505,0.221093
442.605,0.221031
442.705,0.22097
442.805,0.220908
442.905,0.220846
443.005,0.220784
443.105,0.220723
443.205,0.220661
443.305,0.220599
443.405,0.220537
443.505,0.220476
443.605,0.220414
443.705,0.220352
443.805,0.220291
443.905,0.220229
444.005,0.220167
444.105,0.220105
444.205,0.220044
444.305,0.219982
444.405,0.21992
444.505,0.219858
444.605,0.219797
444.705,0.219735
444.805,0.219673
444.905,0.219612
445.005,0.21955
445.105,0.219488
445.205,0.219426
445.305,0.219365
445.405,0.219303
445.505,0.219241
445.605,0.219179
445.705,0.219118
445.805,0.219056
445.905,0.218994
446.005,0.218933
446.105,0.218871
446.205,0.218809
446.305,0.218747
446.405,0.218686
446.505,0.218624
446.605,0.218562
446.705,0.2185
446.805,0.218439
446.905,0.218377
447.005,0.218315
447.105,0.218254
447.205,0.218192
447.305,0.21813
447.405,0.218068
447.505,0.218007
447.605,0.217945
447.705,0.217883
447.805,0.217821
447.905,0.21776
448.005,0.217698
448.105,0.217636
448.205,0.217574
448.305,0.217513
448.405,0.217451
448.505,0.217389
448.605,0.217328
448.705,0.217266
448.805,0.217204
448.905,0.217142
449.005,0.217081
449.105,0.217019
449.205,0.216957
449.305,0.216895
449.405,0.216834
449.505,0.216772
449.605,0.21671
449.705,0.216649
449.805,0.216587
449.905,0.216525
450.005,0.216463
450.105,0.216402
450.205,0.21634
450.305,0.216278
450.405,0.216216
450.505,0.216155
450.605,0.216093
450.705,0.216031
450.805,0.21597
450.905,0.215908
451.005,0.215846
451.105,0.215784
451.205,0.215723
451.305,0.215661
451.405,0.215599
451.505,0.215537
451.605,0.215476
451.705,0.215414
451.805,0.215352
451.905,0.215291
452.005,0.215229
452.105,0.215167
452.205,0.215105
452.305,0.215044
452.405,0.214982
452.505,0.21492
452.605,0.214858
452.705,0.214797
452.805,0.214735
452.905,0.214673
453.005,0.214612
453.105,0.21455
453.205,0.214488
453.305,0.214426
453.405,0.214365
453.505,0.214303
453.605,0.214241
453.705,0.214179
453.805,0.214118
453.905,0.214056
454.005,0.213994
454.105,0.213933
454.205,0.213871
454.305,0.213809
454.405,0.213747
454.505,0.213686
454.605,0.213624
454.705,0.213562
454.805,0.2135
454.905,0.213439
455.005,0.213377
455.105,0.213315
455.205,0.213254
455.305,0.213192
455.405,0.21313
455.505,0.213068
455.605,0.213007
455.705,0.212945
455.805,0.212883
455.905,0.212821
456.005,0.21276
456.105,0.212698
456.205,0.212636
456.305,0.212574
456.405,0.212513
456.505,0.212451
456.605,0.212389
456.705,0.212328
456.805,0.212266
456.905,0.212204
457.005,0.212142
457.105,0.212081
457.205,0.212019
457.305,0.211957
457.405,0.211895
457.505,0.211834
457.605,0.211772
457.705,0.21171
457.805,0.211649
457.905,0.211587
458.005,0.211525
458.105,0.211463
458.205,0.211402
458.305,0.21134
458.405,0.211278
458.505,0.211216
458.605,0.211155
458.705,0.211093
458.805,0.211031
458.905,0.21097
459.005,0.210908
459.105,0.210846
459.205,0.210784
459.305,0.210723
459.405,0.210661
459.505,0.210599
459.605,0.210537
459.705,0.210476
459.805,0.210414
459.905,0.210352
460.001,0.210293
460.001,0.0963392
460.101,0.0962774
460.201,0.0962157
460.301,0.096154
460.401,0.0960922
460.501,0.0960305
460.601,0.0959688
460.701,0.0959071
460.801,0.0958453
460.901,0.0957836
461.001,0.0957219
461.101,0.0956601
461.201,0.0955984
461.301,0.0955367
461.401,0.095475
461.501,0.0954132
461.601,0.0953515
461.701,0.0952898
461.801,0.095228
461.901,0.0951663
462.001,0.0951046
462.101,0.0950429
462.201,0.0949811
462.301,0.0949194
462.401,0.0948577
462.501,0.0947959
462.601,0.0947342
462.701,0.0946725
462.801,0.0946108
462.901,0.094549
463.001,0.0944873
463.101,0.0944256
463.201,0.0943638
463.301,0.0943021
463.401,0.0942404
463.501,0.0941787
463.601,0.0941169
463.701,0.0940552
463.761,0.0926735
463.761,0.0926735
463.761,0.0926735
463.761,0.0926735
463.761,0.0926735
463.761,0.0926735
463.761,0.0926735
463.761,0.0926735
463.761,0
463.801,0
463.901,0
464.001,0
464.101,0
464.201,0
464.301,0
464.401,0
464.501,0
464.601,0
464.701,0
464.801,0
464.901,0
465.001,0
465.101,0
465.201,0
465.301,0
465.401,0
465.501,0
465.601,0
465.701,0
465.801,0
465.901,0
466.001,0
466.101,0
466.201,0
466.301,0
466.401,0
466.501,0
466.601,0
466.701,0
466.801,0
466.901,0
467.001,0
467.101,0
467.201,0
467.301,0
467.401,0
467.501,0
467.601,0
467.701,0
467.801,0
467.901,0
468.001,0
468.101,0
468.201,0
468.301,0
468.401,0
468.501,0
468.601,0
468.701,0
468.801,0
468.901,0
469.001,0
469.101,0
469.201,0
469.301,0
469.401,0
469.501,0
469.601,0
469.701,0
469.801,0
469.901,0
470.001,0
470.101,0
470.201,0
470.301,0
470.401,0
470.501,0
470.601,0
470.701,0
470.801,0
470.901,0
471.001,0
471.101,0
471.201,0
471.301,0
471.401,0
471.501,0
471.601,0
471.701,0
471.801,0
471.901,0
472.001,0
472.101,0
472.201,0
472.301,0
472.401,0
472.501,0
472.601,0
472.701,0
472.801,0
472.901,0
473.001,0
473.101,0
473.201,0
473.301,0
473.401,0
473.501,0
473.601,0
473.701,0
473.801,0
473.901,0
474.001,0
474.101,0
474.201,0
474.301,0
474.401,0
474.501,0
474.601,0
474.701,0
474.801,0
474.901,0
475.001,0
475.101,0
475.201,0
475.301,0
475.401,0
475.501,0
475.601,0
475.701,0
475.801,0
475.901,0
476.001,0
476.101,0
476.201,0
476.301,0
476.401,0
476.501,0
476.601,0
476.701,0
476.801,0
476.901,0
477.001,0
477.101,0
477.201,0
477.301,0
477.401,0
477.501,0
477.601,0
477.701,0
477.801,0
477.901,0
478.001,0
478.101,0
478.201,0
478.301,0
478.401,0
478.501,0
478.601,0
478.701,0
478.801,0
478.901,0
479.001,0
479.101,0
479.201,0
479.301,0
479.401,0
479.501,0
479.601,0
479.701,0
479.801,0
479.901,0
480.001,0
480.101,0
480.201,0
480.301,0
480.401,0
480.501,0
480.601,0
480.701,0
480.801,0
480.901,0
481.001,0
481.101,0
481.201,0
481.301,0
481.401,0
481.501,0
481.601,0
481.701,0
481.801,0
481.901,0
482.001,0
482.101,0
482.201,0
482.301,0
482.401,0
482.501,0
482.601,0
482.701,0
482.801,0
482.901,0
483.001,0
483.101,0
483.201,0
483.301,0
483.401,0
483.501,0
483.601,0
483.701,0
483.801,0
483.901,0
484.001,0
484.101,0
484.201,0
484.301,0
484.401,0
484.501,0
484.601,0
484.701,0
484.801,0
484.901,0
485.001,0
485.101,0
485.201,0
485.301,0
485.401,0
485.501,0
485.601,0
485.701,0
485.801,0
485.901,0
486.001,0
486.101,0
486.201,0
486.301,0
486.401,0
486.501,0
486.601,0
486.701,0
486.801,0
486.901,0
487.001,0
487.101,0
487.201,0
487.301,0
487.401,0
487.501,0
487.601,0
487.701,0
487.801,0
487.901,0
488.001,0
488.101,0
488.201,0
488.301,0
488.401,0
488.501,0
488.601,0
488.701,0
488.801,0
488.901,0
489.001,0
489.101,0
489.201,0
489.301,0
489.401,0
489.501,0
489.601,0
489.701,0
489.801,0
489.901,0
490.001,0
490.101,0
490.201,0
490.301,0
490.401,0
490.501,0
490.601,0
490.701,0
490.801,0
490.901,0
491.001,0
491.101,0
491.201,0
491.301,0
491.401,0
491.501,0
491.601,0
491.701,0
491.801,0
491.901,0
492.001,0
492.101,0
492.201,0
492.301,0
492.401,0
492.501,0
492.601,0
492.701,0
492.801,0
492.901,0
493.001,0
493.101,0
493.201,0
493.301,0
493.401,0
493.501,0
493.601,0
493.701,0
493.801,0
493.901,0
494.001,0
494.101,0
494.201,0
494.301,0
494.401,0
494.501,0
494.601,0
494.701,0
494.801,0
494.901,0
495.001,0
495.101,0
495.201,0
495.301,0
495.401,0
495.501,0
495.601,0
495.701,0
495.801,0
495.901,0
496.001,0
496.101,0
496.201,0
496.301,0
496.401,0
496.501,0
496.601,0
496.701,0
496.801,0
496.901,0
497.001,0
497.101,0
497.201,0
497.301,0
497.401,0
497.501,0
497.601,0
497.701,0
497.801,0
497.901,0
498.001,0
498.101,0
498.201,0
498.301,0
498.401,0
498.501,0
498.601,0
498.701,0
498.801,0
498.901,0
499.001,0
499.101,0
499.201,0
499.301,0
499.401,0
499.501,0
499.601,0
499.701,0
499.801,0
499.901,0
500.001,0
500.101,0
500.201,0
500.301,0
500.401,0
500.501,0
500.601,0
500.701,0
500.801,0
500.901,0
501.001,0
501.101,0
501.201,0
501.301,0
501.401,0
501.501,0
501.601,0
501.701,0
501.801,0
501.901,0
502.001,0
502.101,0
502.201,0
502.301,0
502.401,0
502.501,0
502.601,0
502.701,0
502.801,0
502.901,0
503.001,0
503.101,0
503.201,0
503.301,0
503.401,0
503.501,0
503.601,0
503.701,0
503.801,0
503.901,0
504.001,0
504.101,0
504.201,0
504.301,0
504.401,0
504.501,0
504.601,0
504.701,0
504.801,0
504.901,0
505.001,0
505.101,0
505.201,0
505.301,0
505.401,0
505.501,0
505.601,0
505.701,0
505.801,0
505.901,0
506.001,0
506.101,0
506.201,0
506.301,0
506.401,0
506.501,0
506.601,0
506.701,0
506.801,0
506.901,0
507.001,0
507.101,0
507.201,0
507.301,0
507.401,0
507.501,0
507.601,0
507.701,0
507.801,0
507.901,0
508.001,0
508.101,0
508.201,0
508.301,0
508.401,0
508.501,0
508.601,0
508.701,0
508.801,0
508.901,0
509.001,0
509.101,0
509.201,0
509.301,0
509.401,0
509.501,0
509.601,0
509.701,0
509.801,0
509.901,0
510.001,0
510.101,0
510.201,0
510.301,0
510.401,0
510.501,0
510.601,0
510.701,0
510.801,0
510.901,0
511.001,0
511.101,0
511.201,0
511.301,0
511.401,0
511.501,0
511.601,0
511.701,0
511.801,0
511.901,0
512.001,0
512.101,0
512.201,0
512.301,0
512.401,0
512.501,0
512.601,0
512.701,0
512.801,0
512.901,0
513.001,0
513.101,0
513.201,0
513.301,0
513.401,0
513.501,0
513.601,0
513.701,0
513.801,0
513.901,0
514.001,0
514.101,0
514.201,0
514.301,0
514.401,0
514.501,0
514.601,0
514.701,0
514.801,0
514.901,0
515.001,0
515.101,0
515.201,0
515.301,0
515.401,0
515.501,0
515.601,0
515.701,0
515.801,0
515.901,0
516.001,0
516.101,0
516.201,0
516.301,0
516.401,0
516.501,0
516.601,0
516.701,0
516.801,0
516.901,0
517.001,0
517.101,0
517.201,0
517.301,0
517.401,0
517.501,0
517.601,0
517.701,0
517.801,0
517.901,0
518.001,0
518.101,0
518.201,0
518.301,0
518.401,0
518.501,0
518.601,0
518.701,0
518.801,0
518.901,0
519.001,0
519.101,0
519.201,0
519.301,0
519.401,0
519.501,0
519.601,0
519.701,0
519.801,0
519.901,0
520.001,0
520.101,0
520.201,0
520.301,0
520.401,0
520.501,0
520.601,0
520.701,0
520.801,0
520.901,0
521.001,0
521.101,0
521.201,0
521.301,0
521.401,0
521.501,0
521.601,0
521.701,0
521.801,0
521.901,0
522.001,0
522.101,0
522.201,0
522.301,0
522.401,0
522.501,0
522.601,0
522.701,0
522.801,0
522.901,0
523.001,0
523.101,0
523.201,0
523.301,0
523.401,0
523.501,0
523.601,0
523.701,0
523.801,0
523.901,0
524.001,0
524.101,0
524.201,0
524.301,0
524.401,0
524.501,0
524.601,0
524.701,0
524.801,0
524.901,0
525.001,0
525.001,0
525.101,0
525.201,0
525.301,0
525.401,0
525.501,0
525.601,0
525.701,0
525.801,0
525.901,0
526.001,0
526.101,0
526.201,0
526.301,0
526.401,0
526.501,0
526.601,0
526.701,0
526.801,0
526.901,0
527.001,0
527.101,0
527.201,0
527.301,0
527.401,0
527.501,0
527.601,0
527.701,0
527.801,0
527.901,0
528.001,0
528.101,0
528.201,0
528.301,0
528.401,0
528.501,0
528.601,0
528.701,0
528.801,0
528.901,0
529.001,0
529.101,0
529.201,0
529.301,0
529.401,0
529.501,0
529.601,0
529.701,0
529.801,0
529.901,0
530.001,0
530.101,0
530.201,0
530.301,0
530.401,0
530.501,0
530.601,0
530.701,0
530.801,0
530.901,0
531.001,0
531.101,0
531.201,0
531.301,0
531.401,0
531.501,0
531.601,0
531.701,0
531.801,0
531.901,0
532.001,0
532.101,0
532.201,0
532.301,0
532.401,0
532.501,0
532.601,0
532.701,0
532.801,0
532.901,0
533.001,0
533.101,0
533.201,0
533.301,0
533.401,0
533.501,0
533.601,0
533.701,0
533.801,0
533.901,0
534.001,0
534.101,0
534.201,0
534.301,0
534.401,0
534.501,0
534.601,0
534.701,0
534.801,0
534.901,0
535.001,0
535.101,0
535.201,0
535.301,0
535.401,0
535.501,0
535.601,0
535.701,0
535.801,0
535.901,0
536.001,0
536.101,0
536.201,0
536.301,0
536.401,0
536.501,0
536.601,0
536.701,0
536.801,0
536.901,0
537.001,0
537.101,0
537.201,0
537.301,0
537.401,0
537.501,0
537.601,0
537.701,0
537.801,0
537.901,0
538.001,0
538.101,0
538.201,0
538.301,0
538.401,0
538.501,0
538.548,0
538.601,0
538.701,0
538.801,0
538.901,0
539.001,0
539.101,0
539.201,0
539.301,0
539.401,0
539.501,0
539.601,0
539.701,0
539.801,0
539.901,0
540.001,0
540.101,0
540.201,0
540.301,0
540.401,0
540.501,0
540.601,0
540.701,0
540.801,0
540.901,0
541.001,0
541.101,0
541.201,0
541.301,0
541.401,0
541.501,0
541.601,0
541.701,0
541.801,0
541.901,0
542.001,0
542.101,0
542.201,0
542.301,0
542.401,0
542.501,0
542.601,0
542.701,0
542.801,0
542.901,0
543.001,0
543.101,0
543.201,0
543.301,0
543.401,0
543.501,0
543.601,0
543.701,0
543.801,0
543.901,0
544.001,0
544.101,0
544.201,0
544.301,0
544.401,0
544.501,0
544.601,0
544.701,0
544.801,0
544.901,0
545.001,0
545.101,0
545.201,0
545.301,0
545.401,0
545.44,0
545.501,0
545.601,0
545.701,0
545.801,0
545.901,0
546.001,0
546.101,0
546.201,0
546.301,0
546.401,0
546.501,0
546.601,0
546.701,0
546.801,0
546.901,0
547.001,0
547.101,0
547.201,0
547.301,0
547.401,0
547.501,0
547.601,0
547.701,0
547.801,0
547.901,0
548.001,0
548.101,0
548.201,0
548.301,0
548.401,0
548.501,0
548.601,0
548.701,0
548.801,0
548.901,0
549.001,0
549.101,0
549.201,0
549.301,0
549.401,0
549.501,0
549.601,0
549.701,0
549.801,0
549.901,0
550.001,0
550.101,0
550.201,0
550.301,0
550.401,0
550.501,0
550.601,0
550.701,0
550.801,0
550.901,0
551.001,0
551.101,0
551.201,0
551.301,0
551.401,0
551.501,0
551.601,0
551.701,0
551.801,0
551.901,0
552.001,0
552.101,0
552.201,0
552.301,0
552.401,0
552.501,0
552.601,0
552.701,0
552.801,0
552.901,0
553.001,0
553.101,0
553.201,0
553.241,0
553.301,0
553.401,0
553.501,0
553.601,0
553.701,0
553.801,0
553.901,0
554.001,0
554.101,0
554.201,0
554.301,0
554.401,0
554.501,0
554.601,0
554.701,0
554.801,0
554.901,0
555.001,0
555.101,0
555.201,0
555.301,0
555.401,0
555.501,0
555.601,0
555.701,0
555.801,0
555.901,0
556.001,0
556.101,0
556.201,0
556.301,0
556.401,0
556.501,0
556.601,0
556.701,0
556.801,0
556.901,0
557.001,0
557.101,0
557.201,0
557.301,0
557.401,0
557.501,0
557.601,0
557.701,0
557.801,0
557.901,0
558.001,0
558.101,0
558.201,0
558.301,0
558.401,0
558.501,0
558.601,0
558.701,0
558.801,0
558.901,0
559.001,0
559.101,0
559.201,0
559.301,0
559.401,0
559.501,0
559.601,0
559.701,0
559.801,0
559.901,0
560.001,0
560.101,0
560.201,0
560.301,0
560.401,0
560.501,0
560.601,0
560.701,0
560.801,0
560.901,0
561.001,0
561.101,0
561.201,0
561.301,0
561.401,0
561.501,0
561.601,0
561.701,0
561.801,0
561.901,0
562.001,0
562.101,0
562.201,0
562.301,0
562.401,0
562.501,0
562.601,0
562.701,0
562.801,0
562.901,0
563.001,0
563.101,0
563.201,0
563.301,0
563.401,0
563.501,0
563.601,0
563.701,0
563.801,0
563.901,0
564.001,0
564.101,0
564.201,0
564.301,0
564.401,0
564.501,0
564.601,0
564.701,0
564.801,0
564.901,0
565.001,0
565.101,0
565.201,0
565.301,0
565.401,0
565.501,0
565.601,0
565.701,0
565.801,0
565.901,0
566.001,0
566.101,0
566.201,0
566.301,0
566.401,0
566.474,0
566.474,0
566.474,0
566.474,0
566.474,0
566.474,0
566.474,0
566.474,0
566.474,0
566.474,0
566.474,0
566.474,0
566.474,0
566.474,0
566.501,0
566.601,0
566.701,0
566.801,0
566.901,0
567.001,0
567.101,0
567.201,0
567.301,0
567.401,0
567.501,0
567.601,0
567.701,0
567.801,0
567.901,0
568.001,0
568.101,0
568.201,0
568.301,0
568.401,0
568.501,0
568.601,0
568.701,0
568.801,0
568.901,0
569.001,0
569.101,0
569.201,0
569.301,0
569.401,0
569.501,0
569.601,0
569.701,0
569.801,0
569.901,0
570.001,0
570.101,0
570.201,0
570.301,0
570.401,0
570.501,0
570.601,0
570.701,0
570.801,0
570.901,0
571.001,0
571.101,0
571.201,0
571.301,0
571.401,0
571.501,0
571.601,0
571.701,0
571.801,0
571.901,0
572.001,0
572.101,0
572.201,0
572.301,0
572.401,0
572.501,0
572.601,0
572.701,0
572.801,0
572.901,0
573.001,0
573.101,0
573.201,0
573.301,0
573.401,0
573.501,0
573.601,0
573.701,0
573.801,0
573.901,0
574.001,0
574.101,0
574.201,0
574.301,0
574.401,0
574.501,0
574.601,0
574.701,0
574.801,0
574.901,0
575.001,0
575.101,0
575.201,0
575.301,0
575.401,0
575.501,0
575.601,0
575.701,0
575.801,0
575.901,0
576.001,0
576.101,0
576.201,0
576.301,0
576.401,0
576.501,0
576.601,0
576.701,0
576.801,0
576.901,0
577.001,0
577.101,0
577.201,0
577.301,0
577.401,0
577.501,0
577.601,0
577.701,0
577.801,0
577.901,0
578.001,0
578.101,0
578.201,0
578.301,0
578.401,0
578.501,0
578.601,0
578.701,0
578.801,0
578.901,0
579.001,0
579.101,0
579.201,0
579.301,0
579.401,0
579.501,0
579.601,0
579.701,0
579.801,0
579.901,0
580.001,0
580.101,0
580.201,0
580.301,0
580.401,0
580.501,0
580.601,0
580.701,0
580.801,0
580.901,0
581.001,0
581.101,0
581.201,0
581.301,0
581.401,0
581.501,0
581.601,0
581.701,0
581.801,0
581.901,0
582.001,0
582.101,0
582.201,0
582.301,0
582.401,0
582.501,0
582.601,0
582.701,0
582.801,0
582.901,0
583.001,0
583.101,0
583.201,0
583.301,0
583.401,0
583.501,0
583.601,0
583.701,0
583.801,0
583.901,0
584.001,0
584.101,0
584.201,0
584.301,0
584.401,0
584.501,0
584.601,0
584.701,0
584.801,0
584.901,0
585.001,0
585.101,0
585.201,0
585.301,0
585.401,0
585.501,0
585.601,0
585.701,0
585.801,0
585.901,0
586.001,0
586.101,0
586.201,0
586.301,0
586.401,0
586.501,0
586.601,0
586.701,0
586.801,0
586.901,0
587.001,0
587.101,0
587.201,0
587.301,0
587.401,0
587.501,0
587.601,0
587.701,0
587.801,0
587.901,0
588.001,0
588.101,0
588.201,0
588.301,0
588.401,0
588.501,0
588.601,0
588.701,0
588.801,0
588.901,0
589.001,0
589.101,0
589.201,0
589.301,0
589.401,0
589.501,0
589.601,0
589.701,0
589.801,0
589.901,0
590.001,0
590.101,0
590.201,0
590.301,0
590.401,0
590.501,0
590.601,0
590.701,0
590.801,0
590.901,0
591.001,0
591.101,0
591.201,0
591.301,0
591.401,0
591.501,0
591.601,0
591.701,0
591.801,0
591.901,0
592.001,0
592.101,0
592.201,0
592.301,0
592.401,0
592.501,0
592.601,0
592.701,0
592.801,0
592.901,0
593.001,0
593.101,0
593.201,0
593.301,0
593.401,0
593.501,0
593.601,0
593.701,0
593.801,0
593.901,0
594.001,0
594.101,0
594.201,0
594.301,0
594.401,0
594.501,0
594.601,0
594.701,0
594.801,0
594.901,0
595.001,0
595.101,0
595.201,0
595.301,0
595.401,0
595.501,0
595.601,0
595.701,0
595.801,0
595.901,0
596.001,0
596.101,0
596.201,0
596.301,0
596.401,0
596.501,0
596.601,0
596.701,0
596.801,0
596.901,0
597.001,0
597.101,0
597.201,0
597.301,0
597.401,0
597.501,0
597.601,0
597.701,0
597.801,0
597.901,0
598.001,0
598.101,0
598.201,0
598.301,0
598.401,0
598.501,0
598.601,0
598.701,0
598.801,0
598.901,0
599.001,0
599.101,0
599.201,0
599.301,0
599.401,0
599.501,0
599.601,0
599.701,0
599.801,0
599.901,0
600.001,0
600.101,0
600.201,0
600.301,0
600.401,0
600.501,0
600.601,0
600.701,0
600.801,0
600.901,0
601.001,0
601.101,0
601.201,0
601.301,0
601.401,0
601.501,0
601.601,0
601.701,0
601.801,0
601.901,0
602.001,0
602.101,0
602.201,0
602.301,0
602.401,0
602.501,0
602.601,0
602.701,0
602.801,0
602.901,0
603.001,0
603.101,0
603.201,0
603.301,0
603.401,0
603.501,0
603.601,0
603.701,0
603.801,0
603.901,0
604.001,0
604.101,0
604.201,0
604.301,0
604.401,0
604.501,0
604.601,0
604.701,0
604.801,0
604.901,0
605.001,0
605.101,0
605.201,0
605.301,0
605.401,0
605.501,0
605.601,0
605.701,0
605.801,0
605.901,0
606.001,0
606.101,0
606.201,0
606.301,0
606.401,0
606.501,0
606.601,0
606.701,0
606.801,0
606.901,0
607.001,0
607.101,0
607.201,0
607.301,0
607.401,0
607.501,0
607.601,0
607.701,0
607.801,0
607.901,0
608.001,0
608.101,0
608.201,0
608.301,0
608.401,0
608.501,0
608.601,0
608.701,0
608.801,0
608.901,0
609.001,0
609.101,0
609.201,0
609.301,0
609.401,0
609.501,0
609.601,0
609.701,0
609.801,0
609.901,0
610.001,0
610.101,0
610.201,0
610.301,0
610.401,0
610.501,0
610.601,0
610.701,0
610.801,0
610.901,0
611.001,0
611.101,0
611.201,0
611.301,0
611.401,0
611.501,0
611.601,0
611.701,0
611.801,0
611.901,0
612.001,0
612.101,0
612.201,0
612.301,0
612.401,0
612.501,0
612.601,0
612.701,0
612.801,0
612.901,0
613.001,0
613.101,0
613.201,0
613.301,0
613.401,0
613.501,0
613.601,0
613.701,0
613.801,0
613.901,0
614.001,0
614.101,0
614.201,0
614.301,0
614.401,0
614.501,0
614.601,0
614.701,0
614.801,0
614.901,0
615.001,0
615.101,0
615.201,0
615.301,0
615.401,0
615.501,0
615.601,0
615.701,0
615.801,0
615.901,0
616.001,0
616.101,0
616.201,0
616.301,0
616.401,0
616.501,0
616.601,0
616.701,0
616.801,0
616.901,0
617.001,0
617.101,0
617.201,0
617.301,0
617.401,0
617.501,0
617.601,0
617.701,0
617.801,0
617.901,0
618.001,0
618.101,0
618.201,0
618.301,0
618.401,0
618.501,0
618.601,0
618.701,0
618.801,0
618.901,0
619.001,0
619.101,0
619.201,0
619.301,0
619.401,0
619.501,0
619.601,0
619.701,0
619.801,0
619.901,0
620.001,0
620.101,0
620.201,0
620.301,0
620.401,0
620.501,0
620.601,0
620.701,0
620.801,0
620.901,0
621.001,0
621.101,0
621.201,0
621.301,0
621.401,0
621.501,0
621.601,0
621.701,0
621.801,0
621.901,0
622.001,0
622.101,0
622.201,0
622.301,0
622.401,0
622.501,0
622.601,0
622.701,0
622.801,0
622.901,0
623.001,0
623.101,0
623.201,0
623.301,0
623.401,0
623.501,0
623.601,0
623.701,0
623.801,0
623.901,0
624.001,0
624.101,0
624.201,0
624.301,0
624.401,0
624.501,0
624.601,0
624.701,0
624.801,0
624.901,0
625.001,0
625.101,0
625.201,0
625.301,0
625.401,0
625.501,0
625.601,0
625.701,0
625.801,0
625.901,0
626.001,0
626.101,0
626.201,0
626.301,0
626.401,0
626.501,0
626.601,0
626.701,0
626.801,0
626.901,0
627.001,0
627.101,0
627.201,0
627.301,0
627.401,0
627.501,0
627.601,0
627.701,0
627.801,0
627.901,0
628.001,0
628.101,0
628.201,0
628.301,0
628.401,0
628.501,0
628.601,0
628.701,0
628.801,0
628.901,0
629.001,0
629.101,0
629.201,0
629.301,0
629.401,0
629.501,0
629.601,0
629.701,0
629.801,0
629.901,0
630.001,0
630.101,0
630.201,0
630.301,0
630.401,0
630.501,0
630.601,0
630.701,0
630.801,0
630.901,0
631.001,0
631.101,0
631.201,0
631.301,0
631.401,0
631.501,0
631.601,0
631.701,0
631.801,0
631.901,0
632.001,0
632.101,0
632.201,0
632.301,0
632.401,0
632.501,0
632.601,0
632.701,0
632.801,0
632.901,0
633.001,0
633.101,0
633.201,0
633.301,0
633.401,0
633.501,0
633.601,0
633.701,0
633.801,0
633.901,0
634.001,0
634.101,0
634.201,0
634.301,0
634.401,0
634.501,0
634.601,0
634.701,0
634.801,0
634.901,0
635.001,0
635.101,0
635.201,0
635.301,0
635.401,0
635.501,0
635.601,0
635.701,0
635.801,0
635.901,0
636.001,0
636.101,0
636.201,0
636.301,0
636.401,0
636.501,0
636.601,0
636.701,0
636.801,0
636.901,0
637.001,0
637.101,0
637.201,0
637.301,0
637.401,0
637.501,0
637.601,0
637.701,0
637.801,0
637.901,0
638.001,0
638.101,0
638.201,0
638.301,0
638.401,0
638.501,0
638.601,0
638.701,0
638.801,0
638.901,0
639.001,0
639.101,0
639.201,0
639.301,0
639.401,0
639.501,0
639.601,0
639.701,0
639.801,0
639.901,0
640.001,0
640.101,0
640.201,0
640.301,0
640.401,0
640.501,0
640.601,0
640.701,0
640.801,0
640.901,0
641.001,0
641.101,0
641.201,0
641.301,0
641.401,0
641.501,0
641.601,0
641.701,0
641.801,0
641.901,0
642.001,0
642.101,0
642.201,0
642.301,0
642.401,0
642.501,0
642.601,0
642.701,0
642.801,0
642.901,0
643.001,0
643.101,0
643.201,0
643.301,0
643.401,0
643.501,0
643.601,0
643.701,0
643.801,0
643.901,0
644.001,0
644.101,0
644.201,0
644.301,0
644.401,0
644.501,0
644.601,0
644.701,0
644.801,0
644.901,0
645.001,0
645.101,0
645.201,0
645.301,0
645.401,0
645.501,0
645.601,0
645.701,0
645.801,0
645.901,0
646.001,0
646.101,0
646.201,0
646.301,0
646.401,0
646.501,0
646.601,0
646.701,0
646.801,0
646.901,0
647.001,0
647.101,0
647.201,0
647.301,0
647.401,0
647.501,0
647.601,0
647.701,0
647.801,0
647.901,0
648.001,0
648.101,0
648.201,0
648.301,0
648.401,0
648.501,0
648.601,0
648.701,0
648.801,0
648.901,0
649.001,0
649.101,0
649.201,0
649.301,0
649.401,0
649.501,0
649.601,0
649.701,0
649.801,0
649.901,0
650.001,0
650.101,0
650.201,0
650.301,0
650.401,0
650.501,0
650.601,0
650.701,0
650.801,0
650.901,0
651.001,0
651.101,0
651.201,0
651.301,0
651.401,0
651.501,0
651.601,0
651.701,0
651.801,0
651.901,0
652.001,0
652.101,0
652.201,0
652.301,0
652.401,0
652.501,0
652.601,0
652.701,0
652.801,0
652.901,0
653.001,0
653.101,0
653.201,0
653.301,0
653.401,0
653.501,0
653.601,0
653.701,0
653.801,0
653.901,0
654.001,0
654.101,0
654.201,0
654.301,0
654.401,0
654.501,0
654.601,0
654.701,0
654.801,0
654.901,0
655.001,0
655.101,0
655.201,0
655.301,0
655.401,0
655.501,0
655.601,0
655.701,0
655.801,0
655.901,0
656.001,0
656.101,0
656.201,0
656.301,0
656.401,0
656.501,0
656.601,0
656.701,0
656.801,0
656.901,0
657.001,0
657.101,0
657.201,0
657.301,0
657.401,0
657.501,0
657.601,0
657.701,0
657.801,0
657.901,0
658.001,0
658.101,0
658.201,0
658.301,0
658.401,0
658.501,0
658.601,0
658.701,0
658.801,0
658.901,0
659.001,0
659.101,0
659.201,0
659.301,0
659.401,0
659.501,0
659.601,0
659.701,0
659.801,0
659.901,0
660.001,0
660.101,0
660.201,0
660.301,0
660.401,0
660.501,0
660.601,0
660.701,0
660.801,0
660.901,0
661.001,0
661.101,0
661.201,0
661.301,0
661.401,0
661.501,0
661.601,0
661.701,0
661.801,0
661.901,0
662.001,0
662.101,0
662.201,0
662.301,0
662.401,0
662.501,0
662.601,0
662.701,0
662.801,0
662.901,0
663.001,0
663.101,0
663.201,0
663.301,0
663.401,0
663.501,0
663.601,0
663.701,0
663.801,0
663.901,0
664.001,0
664.101,0
664.201,0
664.301,0
664.401,0
664.501,0
664.601,0
664.701,0
664.801,0
664.901,0
665.001,0
665.101,0
665.201,0
665.301,0
665.401,0
665.501,0
665.601,0
665.701,0
665.801,0
665.901,0
666.001,0
666.101,0
666.201,0
666.301,0
666.401,0
666.501,0
666.601,0
666.701,0
666.801,0
666.901,0
667.001,0
667.101,0
667.201,0
667.301,0
667.401,0
667.501,0
667.601,0
667.701,0
667.801,0
667.901,0
668.001,0
668.101,0
668.201,0
668.301,0
668.401,0
668.501,0
668.601,0
668.701,0
668.801,0
668.901,0
669.001,0
669.101,0
669.201,0
669.301,0
669.401,0
669.501,0
669.601,0
669.701,0
669.801,0
669.901,0
670.001,0
670.101,0
670.201,0
670.301,0
670.401,0
670.501,0
670.601,0
670.701,0
670.801,0
670.901,0
671.001,0
671.101,0
671.201,0
671.301,0
671.401,0
671.501,0
671.601,0
671.701,0
671.801,0
671.901,0
672.001,0
672.101,0
672.201,0
672.301,0
672.401,0
672.501,0
672.601,0
672.701,0
672.801,0
672.901,0
673.001,0
673.101,0
673.201,0
673.301,0
673.401,0
673.501,0
673.601,0
673.701,0
673.801,0
673.901,0
674.001,0
674.101,0
674.201,0
674.301,0
674.401,0
674.501,0
674.601,0
674.701,0
674.801,0
674.901,0
675.001,0
675.101,0
675.201,0
675.301,0
675.401,0
675.501,0
675.601,0
675.701,0
675.801,0
675.901,0
676.001,0
676.101,0
676.201,0
676.301,0
676.401,0
676.501,0
676.601,0
676.701,0
676.801,0
676.901,0
677.001,0
677.101,0
677.201,0
677.301,0
677.401,0
677.501,0
677.601,0
677.701,0
677.801,0
677.901,0
678.001,0
678.101,0
678.201,0
678.301,0
678.401,0
678.501,0
678.601,0
678.701,0
678.801,0
678.901,0
679.001,0
679.101,0
679.201,0
679.301,0
679.401,0
679.501,0
679.601,0
679.701,0
679.801,0
679.901,0
680.001,0
680.101,0
680.201,0
680.301,0
680.401,0
680.501,0
680.601,0
680.701,0
680.801,0
680.901,0
681.001,0
681.101,0
681.201,0
681.301,0
681.401,0
681.501,0
681.601,0
681.701,0
681.801,0
681.901,0
682.001,0
682.101,0
682.201,0
682.301,0
682.401,0
682.501,0
682.601,0
682.701,0
682.801,0
682.901,0
683.001,0
683.101,0
683.201,0
683.301,0
683.401,0
683.501,0
683.601,0
683.701,0
683.801,0
683.901,0
684.001,0
684.101,0
684.201,0
684.301,0
684.401,0
684.501,0
684.601,0
684.701,0
684.801,0
684.901,0
685.001,0
685.101,0
685.201,0
685.301,0
685.401,0
685.501,0
685.601,0
685.701,0
685.801,0
685.901,0
686.001,0
686.101,0
686.201,0
686.301,0
686.401,0
686.501,0
686.601,0
686.701,0
686.801,0
686.901,0
687.001,0
687.101,0
687.201,0
687.301,0
687.401,0
687.501,0
687.601,0
687.701,0
687.801,0
687.901,0
688.001,0
688.101,0
688.201,0
688.301,0
688.401,0
688.501,0
688.601,0
688.701,0
688.801,0
688.901,0
689.001,0
689.101,0
689.201,0
689.301,0
689.401,0
689.501,0
689.601,0
689.701,0
689.801,0
689.901,0
690.001,0
690.101,0
690.201,0
690.301,0
690.401,0
690.501,0
690.601,0
690.701,0
690.801,0
690.901,0
691.001,0
691.101,0
691.201,0
691.301,0
691.401,0
691.501,0
691.601,0
691.701,0
691.801,0
691.901,0
692.001,0
692.101,0
692.201,0
692.301,0
692.401,0
692.501,0
692.601,0
692.701,0
692.801,0
692.901,0
693.001,0
693.101,0
693.201,0
693.301,0
693.401,0
693.501,0
693.601,0
693.701,0
693.801,0
693.901,0
694.001,0
694.101,0
694.201,0
694.301,0
694.401,0
694.501,0
694.601,0
694.701,0
694.801,0
694.901,0
695.001,0
695.101,0
695.201,0
695.301,0
695.401,0
695.501,0
695.601,0
695.701,0
695.801,0
695.901,0
696.001,0
696.101,0
696.201,0
696.301,0
696.401,0
696.501,0
696.601,0
696.701,0
696.801,0
696.901,0
697.001,0
697.101,0
697.201,0
697.301,0
697.401,0
697.501,0
697.601,0
697.701,0
697.801,0
697.901,0
698.001,0
698.101,0
698.201,0
698.301,0
698.401,0
698.501,0
698.601,0
698.701,0
698.801,0
698.901,0
699.001,0
699.101,0
699.201,0
699.301,0
699.401,0
699.501,0
699.601,0
699.701,0
699.801,0
699.901,0
700.001,0
700.101,0
700.201,0
700.301,0
700.401,0
700.501,0
700.601,0
700.701,0
700.801,0
700.901,0
701.001,0
701.101,0
701.201,0
701.301,0
701.401,0
701.501,0
701.601,0
701.701,0
701.801,0
701.901,0
702.001,0
702.101,0
702.201,0
702.301,0
702.401,0
702.501,0
702.601,0
702.701,0
702.801,0
702.901,0
703.001,0
703.101,0
703.201,0
703.301,0
703.401,0
703.501,0
703.601,0
703.701,0
703.801,0
703.901,0
704.001,0
704.101,0
704.201,0
704.301,0
704.401,0
704.501,0
704.601,0
704.701,0
704.801,0
704.901,0
705.001,0
705.101,0
705.201,0
705.301,0
705.401,0
705.501,0
705.601,0
705.701,0
705.801,0
705.901,0
706.001,0
706.101,0
706.201,0
706.301,0
706.401,0
706.501,0
706.601,0
706.701,0
706.801,0
706.901,0
707.001,0
707.101,0
707.201,0
707.301,0
707.401,0
707.501,0
707.601,0
707.701,0
707.801,0
707.901,0
708.001,0
708.101,0
708.201,0
708.301,0
708.401,0
708.501,0
708.601,0
708.701,0
708.801,0
708.901,0
709.001,0
709.101,0
709.201,0
709.301,0
709.401,0
709.501,0
709.601,0
709.701,0
709.801,0
709.901,0
710.001,0
710.101,0
710.201,0
710.301,0
710.401,0
710.501,0
710.601,0
710.701,0
710.801,0
710.901,0
711.001,0
711.101,0
711.201,0
711.301,0
711.401,0
711.501,0
711.601,0
711.701,0
711.801,0
711.901,0
712.001,0
712.101,0
712.201,0
712.301,0
712.401,0
712.501,0
712.601,0
712.701,0
712.801,0
712.901,0
713.001,0
713.101,0
713.201,0
713.301,0
713.401,0
713.501,0
713.601,0
713.701,0
713.801,0
713.901,0
714.001,0
714.101,0
714.201,0
714.301,0
714.401,0
714.501,0
714.601,0
714.701,0
714.801,0
714.901,0
715.001,0
715.101,0
715.201,0
715.301,0
715.401,0
715.501,0
715.601,0
715.701,0
715.801,0
715.901,0
716.001,0
716.101,0
716.201,0
716.301,0
716.401,0
716.501,0
716.601,0
716.701,0
716.801,0
716.901,0
717.001,0
717.101,0
717.201,0
717.301,0
717.401,0
717.501,0
717.601,0
717.701,0
717.801,0
717.901,0
718.001,0
718.101,0
718.201,0
718.301,0
718.401,0
718.501,0
718.601,0
718.701,0
718.801,0
718.901,0
719.001,0
719.101,0
719.201,0
719.301,0
719.401,0
719.501,0
719.601,0
719.701,0
719.801,0
719.901,0
720.001,0
720.101,0
720.201,0
720.301,0
720.401,0
720.501,0
720.601,0
720.701,0
720.801,0
720.901,0
721.001,0
721.101,0
721.201,0
721.301,0
721.401,0
721.501,0
721.601,0
721.701,0
721.801,0
721.901,0
722.001,0
722.101,0
722.201,0
722.301,0
722.401,0
722.501,0
722.601,0
722.701,0
722.801,0
722.901,0
723.001,0
723.101,0
723.201,0
723.301,0
723.401,0
723.501,0
723.601,0
723.701,0
723.801,0
723.901,0
724.001,0
724.101,0
724.201,0
724.301,0
724.401,0
724.501,0
724.601,0
724.701,0
724.801,0
724.901,0
725.001,0
725.101,0
725.201,0
725.301,0
725.401,0
725.501,0
725.601,0
725.701,0
725.801,0
725.901,0
726.001,0
726.101,0
726.201,0
726.301,0
726.401,0
726.501,0
726.601,0
726.701,0
726.801,0
726.901,0
727.001,0
727.101,0
727.201,0
727.301,0
727.401,0
727.501,0
727.601,0
727.701,0
727.801,0
727.901,0
728.001,0
728.101,0
728.201,0
728.301,0
728.401,0
728.501,0
728.601,0
728.701,0
728.801,0
728.901,0
729.001,0
729.101,0
729.201,0
729.301,0
729.401,0
729.501,0
729.601,0
729.701,0
729.801,0
729.901,0
730.001,0
730.101,0
730.201,0
730.301,0
730.401,0
730.501,0
730.601,0
730.701,0
730.801,0
730.901,0
731.001,0
731.101,0
731.201,0
731.301,0
731.401,0
731.501,0
731.601,0
731.701,0
731.801,0
731.901,0
732.001,0
732.101,0
732.201,0
732.301,0
732.401,0
732.501,0
732.601,0
732.701,0
732.801,0
732.901,0
733.001,0
733.101,0
733.201,0
733.301,0
733.401,0
733.501,0
733.601,0
733.701,0
733.801,0
733.901,0
734.001,0
734.101,0
734.201,0
734.301,0
734.401,0
734.501,0
734.601,0
734.701,0
734.801,0
734.901,0
735.001,0
735.101,0
735.201,0
735.301,0
735.401,0
735.501,0
735.601,0
735.701,0
735.801,0
735.901,0
736.001,0
736.101,0
736.201,0
736.301,0
736.401,0
736.501,0
736.601,0
736.701,0
736.801,0
736.901,0
737.001,0
737.101,0
737.201,0
737.301,0
737.401,0
737.501,0
737.601,0
737.701,0
737.801,0
737.901,0
738.001,0
738.101,0
738.201,0
738.301,0
738.401,0
738.501,0
738.601,0
738.701,0
738.801,0
738.901,0
739.001,0
739.101,0
739.201,0
739.301,0
739.401,0
739.501,0
739.601,0
739.701,0
739.801,0
739.901,0
740.001,0
740.101,0
740.201,0
740.301,0
740.401,0
740.501,0
740.601,0
740.701,0
740.801,0
740.901,0
741.001,0
741.101,0
741.201,0
741.301,0
741.401,0
741.501,0
741.601,0
741.701,0
741.801,0
741.901,0
742.001,0
742.101,0
742.201,0
742.301,0
742.401,0
742.501,0
742.601,0
742.701,0
742.801,0
742.901,0
743.001,0
743.101,0
743.201,0
743.301,0
743.401,0
743.501,0
743.601,0
743.701,0
743.801,0
743.901,0
744.001,0
744.101,0
744.201,0
744.301,0
744.401,0
744.501,0
744.601,0
744.701,0
744.801,0
744.901,0
745.001,0
745.101,0
745.201,0
745.301,0
745.401,0
745.501,0
745.601,0
745.701,0
745.801,0
745.901,0
746.001,0
746.101,0
746.201,0
746.301,0
746.401,0
746.501,0
746.601,0
746.701,0
746.801,0
746.901,0
747.001,0
747.101,0
747.201,0
747.301,0
747.401,0
747.501,0
747.601,0
747.701,0
747.801,0
747.901,0
748.001,0
748.101,0
748.201,0
748.301,0
748.401,0
748.501,0
748.601,0
748.701,0
748.801,0
748.901,0
749.001,0
749.101,0
749.201,0
749.301,0
749.401,0
749.501,0
749.601,0
749.701,0
749.801,0
749.901,0
750.001,0
750.101,0
750.201,0
750.301,0
750.401,0
750.501,0
750.601,0
750.701,0
750.801,0
750.901,0
751.001,0
751.101,0
751.201,0
751.301,0
751.401,0
751.501,0
751.601,0
751.701,0
751.801,0
751.901,0
752.001,0
752.101,0
752.201,0
752.301,0
752.401,0
752.501,0
752.601,0
752.701,0
752.801,0
752.901,0
753.001,0
753.101,0
753.201,0
753.301,0
753.401,0
753.501,0
753.601,0
753.701,0
753.801,0
753.901,0
754.001,0
754.101,0
754.201,0
754.301,0
754.401,0
754.501,0
754.601,0
754.701,0
754.801,0
754.901,0
755.001,0
755.101,0
755.201,0
755.301,0
755.401,0
755.501,0
755.601,0
755.701,0
755.801,0
755.901,0
756.001,0
756.101,0
756.201,0
756.301,0
756.401,0
756.501,0
756.601,0
756.701,0
756.801,0
756.901,0
757.001,0
757.101,0
757.201,0
757.301,0
757.401,0
757.501,0
757.601,0
757.701,0
757.801,0
757.901,0
758.001,0
758.101,0
758.201,0
758.301,0
758.401,0
758.501,0
758.601,0
758.701,0
758.801,0
758.901,0
759.001,0
759.101,0
759.201,0
759.301,0
759.401,0
759.501,0
759.601,0
759.701,0
759.801,0
759.901,0
760.001,0
760.101,0
760.201,0
760.301,0
760.401,0
760.501,0
760.601,0
760.701,0
760.801,0
760.901,0
761.001,0
761.101,0
761.201,0
761.301,0
761.401,0
761.501,0
761.601,0
761.701,0
761.801,0
761.901,0
762.001,0
762.101,0
762.201,0
762.301,0
762.401,0
762.501,0
762.601,0
762.701,0
762.801,0
762.901,0
763.001,0
763.101,0
763.201,0
763.301,0
763.401,0
763.501,0
763.601,0
763.701,0
763.801,0
763.901,0
764.001,0
764.101,0
764.201,0
764.301,0
764.401,0
764.501,0
764.601,0
764.701,0
764.801,0
764.901,0
765.001,0
765.101,0
765.201,0
765.301,0
765.401,0
765.501,0
765.601,0
765.701,0
765.801,0
765.901,0
766.001,0
766.101,0
766.201,0
766.301,0
766.401,0
766.501,0
766.601,0
766.701,0
766.801,0
766.901,0
767.001,0
767.101,0
767.201,0
767.301,0
767.401,0
767.501,0
767.601,0
767.701,0
767.801,0
767.901,0
768.001,0
768.101,0
768.201,0
768.301,0
768.401,0
768.501,0
768.601,0
768.701,0
768.801,0
768.901,0
769.001,0
769.101,0
769.201,0
769.301,0
769.401,0
769.501,0
769.601,0
769.701,0
769.801,0
769.901,0
770.001,0
770.101,0
770.201,0
770.301,0
770.401,0
770.501,0
770.601,0
770.701,0
770.801,0
770.901,0
771.001,0
771.101,0
771.201,0
771.301,0
771.401,0
771.501,0
771.601,0
771.701,0
771.801,0
771.901,0
772.001,0
772.101,0
772.201,0
772.301,0
772.401,0
772.501,0
772.601,0
772.701,0
772.801,0
772.901,0
773.001,0
773.101,0
773.201,0
773.301,0
773.401,0
773.501,0
773.601,0
773.701,0
773.801,0
773.901,0
774.001,0
774.101,0
774.201,0
774.301,0
774.401,0
774.501,0
774.601,0
774.701,0
774.801,0
774.901,0
775.001,0
775.101,0
775.201,0
775.301,0
775.401,0
775.501,0
775.601,0
775.701,0
775.801,0
775.901,0
776.001,0
776.101,0
776.201,0
776.301,0
776.401,0
776.501,0
776.601,0
776.701,0
776.801,0
776.901,0
777.001,0
777.101,0
777.201,0
777.301,0
777.401,0
777.501,0
777.601,0
777.701,0
777.801,0
777.901,0
778.001,0
778.101,0
778.201,0
778.301,0
778.401,0
778.501,0
778.601,0
778.701,0
778.801,0
778.901,0
779.001,0
779.101,0
779.201,0
779.301,0
779.401,0
779.501,0
779.601,0
779.701,0
779.801,0
779.901,0
780.001,0
780.101,0
780.201,0
780.301,0
780.401,0
780.501,0
780.601,0
780.701,0
780.801,0
780.901,0
781.001,0
781.101,0
781.201,0
781.301,0
781.401,0
781.501,0
781.601,0
781.701,0
781.801,0
781.901,0
782.001,0
782.101,0
782.201,0
782.301,0
782.401,0
782.501,0
782.601,0
782.701,0
782.801,0
782.901,0
783.001,0
783.101,0
783.201,0
783.301,0
783.401,0
783.501,0
783.601,0
783.701,0
783.801,0
783.901,0
784.001,0
784.101,0
784.201,0
784.301,0
784.401,0
784.501,0
784.601,0
784.701,0
784.801,0
784.901,0
785.001,0
785.101,0
785.201,0
785.301,0
785.401,0
785.501,0
785.601,0
785.701,0
785.801,0
785.901,0
786.001,0
786.101,0
786.201,0
786.301,0
786.401,0
786.501,0
786.601,0
786.701,0
786.801,0
786.901,0
787.001,0
787.101,0
787.201,0
787.301,0
787.401,0
787.501,0
787.601,0
787.701,0
787.801,0
787.901,0
788.001,0
788.101,0
788.201,0
788.301,0
788.401,0
788.501,0
788.601,0
788.701,0
788.801,0
788.901,0
789.001,0
789.101,0
789.201,0
789.301,0
789.401,0
789.501,0
789.601,0
789.701,0
789.801,0
789.901,0
790.001,0
790.101,0
790.201,0
790.301,0
790.401,0
790.501,0
790.601,0
790.701,0
790.801,0
790.901,0
791.001,0
791.101,0
791.201,0
791.301,0
791.401,0
791.501,0
791.601,0
791.701,0
791.801,0
791.901,0
792.001,0
792.101,0
792.201,0
792.301,0
792.401,0
792.501,0
792.601,0
792.701,0
792.801,0
792.901,0
793.001,0
793.101,0
793.201,0
793.301,0
793.401,0
793.501,0
793.601,0
793.701,0
793.801,0
793.901,0
794.001,0
794.101,0
794.201,0
794.301,0
794.401,0
794.501,0
794.601,0
794.701,0
794.801,0
794.901,0
795.001,0
795.101,0
795.201,0
795.301,0
795.401,0
795.501,0
795.601,0
795.701,0
795.801,0
795.901,0
796.001,0
796.101,0
796.201,0
796.301,0
796.401,0
796.501,0
796.601,0
796.701,0
796.801,0
796.901,0
797.001,0
797.101,0
797.201,0
797.301,0
797.401,0
797.501,0
797.601,0
797.701,0
797.801,0
797.901,0
798.001,0
798.101,0
798.201,0
798.301,0
798.401,0
798.501,0
798.601,0
798.701,0
798.801,0
798.901,0
799.001,0
799.101,0
799.201,0
799.301,0
799.401,0
799.501,0
799.601,0
799.701,0
799.801,0
799.901,0
800.001,0
800.101,0
800.201,0
800.301,0
800.401,0
800.501,0
800.601,0
800.701,0
800.801,0
800.901,0
801.001,0
801.101,0
801.201,0
801.301,0
801.401,0
801.501,0
801.601,0
801.701,0
801.801,0
801.901,0
802.001,0
802.101,0
802.201,0
802.301,0
802.401,0
802.501,0
802.601,0
802.701,0
802.801,0
802.901,0
803.001,0
803.101,0
803.201,0
803.301,0
803.401,0
803.501,0
803.601,0
803.701,0
803.801,0
803.901,0
804.001,0
804.101,0
804.201,0
804.301,0
804.401,0
804.501,0
804.601,0
804.701,0
804.801,0
804.901,0
805.001,0
805.101,0
805.201,0
805.301,0
805.401,0
805.501,0
805.601,0
805.701,0
805.801,0
805.901,0
806.001,0
806.101,0
806.201,0
806.301,0
806.401,0
806.501,0
806.601,0
806.701,0
806.801,0
806.901,0
807.001,0
807.101,0
807.201,0
807.301,0
807.401,0
807.501,0
807.601,0
807.701,0
807.801,0
807.901,0
808.001,0
808.101,0
808.201,0
808.301,0
808.401,0
808.501,0
808.601,0
808.701,0
808.801,0
808.901,0
809.001,0
809.101,0
809.201,0
809.301,0
809.401,0
809.501,0
809.601,0
809.701,0
809.801,0
809.901,0
810.001,0
810.101,0
810.201,0
810.301,0
810.401,0
810.501,0
810.601,0
810.701,0
810.801,0
810.901,0
811.001,0
811.101,0
811.201,0
811.301,0
811.401,0
811.501,0
811.601,0
811.701,0
811.801,0
811.901,0
812.001,0
812.101,0
812.201,0
812.301,0
812.401,0
812.501,0
812.601,0
812.701,0
812.801,0
812.901,0
813.001,0
813.101,0
813.201,0
813.301,0
813.401,0
813.501,0
813.601,0
813.701,0
813.801,0
813.901,0
814.001,0
814.101,0
814.201,0
814.301,0
814.401,0
814.501,0
814.601,0
814.701,0
814.801,0
814.901,0
815.001,0
815.101,0
815.201,0
815.301,0
815.401,0
815.501,0
815.601,0
815.701,0
815.801,0
815.901,0
816.001,0
816.101,0
816.201,0
816.301,0
816.401,0
816.501,0
816.601,0
816.701,0
816.801,0
816.901,0
817.001,0
817.101,0
817.201,0
817.301,0
817.401,0
817.501,0
817.601,0
817.701,0
817.801,0
817.901,0
818.001,0
818.101,0
818.201,0
818.301,0
818.401,0
818.501,0
818.601,0
818.701,0
818.801,0
818.901,0
819.001,0
819.101,0
819.201,0
819.301,0
819.401,0
819.501,0
819.601,0
819.701,0
819.801,0
819.901,0
820.001,0
820.101,0
820.201,0
820.301,0
820.401,0
820.501,0
820.601,0
820.701,0
820.801,0
820.901,0
821.001,0
821.101,0
821.201,0
821.301,0
821.401,0
821.501,0
821.601,0
821.701,0
821.801,0
821.901,0
822.001,0
822.101,0
822.201,0
822.301,0
822.401,0
822.501,0
822.601,0
822.701,0
822.801,0
822.901,0
823.001,0
823.101,0
823.201,0
823.301,0
823.401,0
823.501,0
823.601,0
823.701,0
823.801,0
823.901,0
824.001,0
824.101,0
824.201,0
824.301,0
824.401,0
824.501,0
824.601,0
824.701,0
824.801,0
824.901,0
825.001,0
825.101,0
825.201,0
825.301,0
825.401,0
825.501,0
825.601,0
825.701,0
825.801,0
825.901,0
826.001,0
826.101,0
826.201,0
826.301,0
826.401,0
826.501,0
826.601,0
826.701,0
826.801,0
826.901,0
827.001,0
827.101,0
827.201,0
827.301,0
827.401,0
827.501,0
827.601,0
827.701,0
827.801,0
827.901,0
828.001,0
828.101,0
828.201,0
828.301,0
828.401,0
828.501,0
828.601,0
828.701,0
828.801,0
828.901,0
829.001,0
829.101,0
829.201,0
829.301,0
829.401,0
829.501,0
829.601,0
829.701,0
829.801,0
829.901,0
830.001,0
830.101,0
830.201,0
830.301,0
830.401,0
830.501,0
830.601,0
830.701,0
830.801,0
830.901,0
831.001,0
831.101,0
831.201,0
831.301,0
831.401,0
831.501,0
831.601,0
831.701,0
831.801,0
831.901,0
832.001,0
832.101,0
832.201,0
832.301,0
832.401,0
832.501,0
832.601,0
832.701,0
832.801,0
832.901,0
833.001,0
833.101,0
833.201,0
833.301,0
833.401,0
833.501,0
833.601,0
833.701,0
833.801,0
833.901,0
834.001,0
834.101,0
834.201,0
834.301,0
834.401,0
834.501,0
834.601,0
834.701,0
834.801,0
834.901,0
835.001,0
835.101,0
835.201,0
835.301,0
835.401,0
835.501,0
835.601,0
835.701,0
835.801,0
835.901,0
836.001,0
836.101,0
836.201,0
836.301,0
836.401,0
836.501,0
836.601,0
836.701,0
836.801,0
836.901,0
837.001,0
837.101,0
837.201,0
837.301,0
837.401,0
837.501,0
837.601,0
837.701,0
837.801,0
837.901,0
838.001,0
838.101,0
838.201,0
838.301,0
838.401,0
838.501,0
838.601,0
838.701,0
838.801,0
838.901,0
839.001,0
839.101,0
839.201,0
839.301,0
839.401,0
839.501,0
839.601,0
839.701,0
839.801,0
839.901,0
840.001,0
840.101,0
840.201,0
840.301,0
840.401,0
840.501,0
840.601,0
840.701,0
840.801,0
840.901,0
841.001,0
841.101,0
841.201,0
841.301,0
841.401,0
841.501,0
841.601,0
841.701,0
841.801,0
841.901,0
842.001,0
842.101,0
842.201,0
842.301,0
842.401,0
842.501,0
842.601,0
842.701,0
842.801,0
842.901,0
843.001,0
843.101,0
843.201,0
843.301,0
843.401,0
843.501,0
843.601,0
843.701,0
843.801,0
843.901,0
844.001,0
844.101,0
844.201,0
844.301,0
844.401,0
844.501,0
844.601,0
844.701,0
844.801,0
844.901,0
845.001,0
845.101,0
845.201,0
845.301,0
845.401,0
845.501,0
845.601,0
845.701,0
845.801,0
845.901,0
846.001,0
846.101,0
846.201,0
846.301,0
846.401,0
846.501,0
846.601,0
846.701,0
846.801,0
846.901,0
847.001,0
847.101,0
847.201,0
847.301,0
847.401,0
847.501,0
847.601,0
847.701,0
847.801,0
847.901,0
848.001,0
848.101,0
848.201,0
848.301,0
848.401,0
848.501,0
848.601,0
848.701,0
848.801,0
848.901,0
849.001,0
849.101,0
849.201,0
849.301,0
849.401,0
849.501,0
849.601,0
849.701,0
849.801,0
849.901,0
850.001,0
850.101,0
850.201,0
850.301,0
850.401,0
850.501,0
850.601,0
850.701,0
850.801,0
850.901,0
851.001,0
851.101,0
851.201,0
851.301,0
851.401,0
851.501,0
851.601,0
851.701,0
851.801,0
851.901,0
852.001,0
852.101,0
852.201,0
852.301,0
852.401,0
852.501,0
852.601,0
852.701,0
852.801,0
852.901,0
853.001,0
853.101,0
853.201,0
853.301,0
853.401,0
853.501,0
853.601,0
853.701,0
853.801,0
853.901,0
854.001,0
854.101,0
854.201,0
854.301,0
854.401,0
854.501,0
854.601,0
854.701,0
854.801,0
854.901,0
855.001,0
855.101,0
855.201,0
855.301,0
855.401,0
855.501,0
855.601,0
855.701,0
855.801,0
855.901,0
856.001,0
856.101,0
856.201,0
856.301,0
856.401,0
856.501,0
856.601,0
856.701,0
856.801,0
856.901,0
857.001,0
857.101,0
857.201,0
857.301,0
857.401,0
857.501,0
857.601,0
857.701,0
857.801,0
857.901,0
858.001,0
858.101,0
858.201,0
858.301,0
858.401,0
858.501,0
858.601,0
858.701,0
858.801,0
858.901,0
859.001,0
859.101,0
859.201,0
859.301,0
859.401,0
859.501,0
859.601,0
859.701,0
859.801,0
859.901,0
860.001,0
860.101,0
860.201,0
860.301,0
860.401,0
860.501,0
860.601,0
860.701,0
860.801,0
860.901,0
861.001,0
861.101,0
861.201,0
861.301,0
861.401,0
861.501,0
861.601,0
861.701,0
861.801,0
861.901,0
862.001,0
862.101,0
862.201,0
862.301,0
862.401,0
862.501,0
862.601,0
862.701,0
862.801,0
862.901,0
863.001,0
863.101,0
863.201,0
863.301,0
863.401,0
863.501,0
863.601,0
863.701,0
863.801,0
863.901,0
864.001,0
864.101,0
864.201,0
864.301,0
864.401,0
864.501,0
864.601,0
864.701,0
864.801,0
864.901,0
865.001,0
865.101,0
865.201,0
865.301,0
865.401,0
865.501,0
865.601,0
865.701,0
865.801,0
865.901,0
866.001,0
866.101,0
866.201,0
866.301,0
866.401,0
866.501,0
866.601,0
866.701,0
866.801,0
866.901,0
867.001,0
867.101,0
867.201,0
867.301,0
867.401,0
867.501,0
867.601,0
867.701,0
867.801,0
867.901,0
868.001,0
868.101,0
868.201,0
868.301,0
868.401,0
868.501,0
868.601,0
868.701,0
868.801,0
868.901,0
869.001,0
869.101,0
869.201,0
869.301,0
869.401,0
869.501,0
869.601,0
869.701,0
869.801,0
869.901,0
870.001,0
870.101,0
870.201,0
870.301,0
870.401,0
870.501,0
870.601,0
870.701,0
870.801,0
870.901,0
871.001,0
871.101,0
871.201,0
871.301,0
871.401,0
871.501,0
871.601,0
871.701,0
871.801,0
871.901,0
872.001,0
872.101,0
872.201,0
872.301,0
872.401,0
872.501,0
872.601,0
872.701,0
872.801,0
872.901,0
873.001,0
873.101,0
873.201,0
873.301,0
873.401,0
873.501,0
873.601,0
873.701,0
873.801,0
873.901,0
874.001,0
874.101,0
874.201,0
874.301,0
874.401,0
874.501,0
874.601,0
874.701,0
874.801,0
874.901,0
875.001,0
875.101,0
875.201,0
875.301,0
875.401,0
875.501,0
875.601,0
875.701,0
875.801,0
875.901,0
876.001,0
876.101,0
876.201,0
876.301,0
876.401,0
876.501,0
876.601,0
876.701,0
876.801,0
876.901,0
877.001,0
877.101,0
877.201,0
877.301,0
877.401,0
877.501,0
877.601,0
877.701,0
877.801,0
877.901,0
878.001,0
878.101,0
878.201,0
878.301,0
878.401,0
878.501,0
878.601,0
878.701,0
878.801,0
878.901,0
879.001,0
879.101,0
879.201,0
879.301,0
879.401,0
879.501,0
879.601,0
879.701,0
879.801,0
879.901,0
880.001,0
880.101,0
880.201,0
880.301,0
880.401,0
880.501,0
880.601,0
880.701,0
880.801,0
880.901,0
881.001,0
881.101,0
881.201,0
881.301,0
881.401,0
881.501,0
881.601,0
881.701,0
881.801,0
881.901,0
882.001,0
882.101,0
882.201,0
882.301,0
882.401,0
882.501,0
882.601,0
882.701,0
882.801,0
882.901,0
883.001,0
883.101,0
883.201,0
883.301,0
883.401,0
883.501,0
883.601,0
883.701,0
883.801,0
883.901,0
884.001,0
884.101,0
884.201,0
884.301,0
884.401,0
884.501,0
884.601,0
884.701,0
884.801,0
884.901,0
885.001,0
885.101,0
885.201,0
885.301,0
885.401,0
885.501,0
885.601,0
885.701,0
885.801,0
885.901,0
886.001,0
886.101,0
886.201,0
886.301,0
886.401,0
886.501,0
886.601,0
886.701,0
886.801,0
886.901,0
887.001,0
887.101,0
887.201,0
887.301,0
887.401,0
887.501,0
887.601,0
887.701,0
887.801,0
887.901,0
888.001,0
888.101,0
888.201,0
888.301,0
888.401,0
888.501,0
888.601,0
888.701,0
888.801,0
888.901,0
889.001,0
889.101,0
889.201,0
889.301,0
889.401,0
889.501,0
889.601,0
889.701,0
889.801,0
889.901,0
890.001,0
890.101,0
890.201,0
890.301,0
890.401,0
890.501,0
890.601,0
890.701,0
890.801,0
890.901,0
891.001,0
891.101,0
891.201,0
891.301,0
891.401,0
891.501,0
891.601,0
891.701,0
891.801,0
891.901,0
892.001,0
892.101,0
892.201,0
892.301,0
892.401,0
892.501,0
892.601,0
892.701,0
892.801,0
892.901,0
893.001,0
893.101,0
893.201,0
893.301,0
893.401,0
893.501,0
893.601,0
893.701,0
893.801,0
893.901,0
894.001,0
894.101,0
894.201,0
894.301,0
894.401,0
894.501,0
894.601,0
894.701,0
894.801,0
894.901,0
895.001,0
895.101,0
895.201,0
895.301,0
895.401,0
895.501,0
895.601,0
895.701,0
895.801,0
895.901,0
896.001,0
896.101,0
896.201,0
896.301,0
896.401,0
896.501,0
896.601,0
896.701,0
896.801,0
896.901,0
897.001,0
897.101,0
897.201,0
897.301,0
897.401,0
897.501,0
897.601,0
897.701,0
897.801,0
897.901,0
898.001,0
898.101,0
898.201,0
898.301,0
898.401,0
898.501,0
898.601,0
898.701,0
898.801,0
898.901,0
899.001,0
899.101,0
899.201,0
899.301,0
899.401,0
899.501,0
899.601,0
899.701,0
899.801,0
899.901,0
900.001,0
900.101,0
900.201,0
900.301,0
900.401,0
900.501,0
900.601,0
900.701,0
900.801,0
900.901,0
901.001,0
901.101,0
901.201,0
901.301,0
901.401,0
901.501,0
901.601,0
901.701,0
901.801,0
901.901,0
902.001,0
902.101,0
902.201,0
902.301,0
902.401,0
902.501,0
902.601,0
902.701,0
902.801,0
902.901,0
903.001,0
903.101,0
903.201,0
903.301,0
903.401,0
903.501,0
903.601,0
903.701,0
903.801,0
903.901,0
904.001,0
904.101,0
904.201,0
904.301,0
904.401,0
904.501,0
904.601,0
904.701,0
904.801,0
904.901,0
905.001,0
905.101,0
905.201,0
905.301,0
905.401,0
905.501,0
905.601,0
905.701,0
905.801,0
905.901,0
906.001,0
906.101,0
906.201,0
906.301,0
906.401,0
906.501,0
906.601,0
906.701,0
906.801,0
906.901,0
907.001,0
907.101,0
907.201,0
907.301,0
907.401,0
907.501,0
907.601,0
907.701,0
907.801,0
907.901,0
908.001,0
908.101,0
908.201,0
908.301,0
908.401,0
908.501,0
908.601,0
908.701,0
908.801,0
908.901,0
909.001,0
909.101,0
909.201,0
909.301,0
909.401,0
909.501,0
909.601,0
909.701,0
909.801,0
909.901,0
910.001,0
910.101,0
910.201,0
910.301,0
910.401,0
910.501,0
910.601,0
910.701,0
910.801,0
910.901,0
911.001,0
911.101,0
911.201,0
911.301,0
911.401,0
911.501,0
911.601,0
911.701,0
911.801,0
911.901,0
912.001,0
912.101,0
912.201,0
912.301,0
912.401,0
912.501,0
912.601,0
912.701,0
912.801,0
912.901,0
913.001,0
913.101,0
913.201,0
913.301,0
913.401,0
913.501,0
913.601,0
913.701,0
913.801,0
913.901,0
914.001,0
914.101,0
914.201,0
914.301,0
914.401,0
914.501,0
914.601,0
914.701,0
914.801,0
914.901,0
915.001,0.999938
915.01,0.999932
915.01,0.892049
915.11,0.891988
915.21,0.891926
915.31,0.891864
915.41,0.891802
915.51,0.891741
915.61,0.891679
915.71,0.891617
915.81,0.891555
915.91,0.891494
916.01,0.891432
916.11,0.89137
916.21,0.891309
916.31,0.891247
916.41,0.891185
916.51,0.891123
916.61,0.891062
916.71,0.891
916.81,0.890938
916.91,0.890876
917.01,0.890815
917.11,0.890753
917.21,0.890691
917.31,0.89063
917.41,0.890568
917.51,0.890506
917.61,0.890444
917.71,0.890383
917.81,0.890321
917.91,0.890259
918.01,0.890197
918.11,0.890136
918.21,0.890074
918.31,0.890012
918.41,0.889951
918.51,0.889889
918.61,0.889827
918.71,0.889765
918.81,0.889704
918.91,0.889642
919.01,0.88958
919.11,0.889518
919.21,0.889457
919.31,0.889395
919.41,0.889333
919.51,0.889271
919.61,0.88921
919.71,0.889148
919.81,0.889086
919.91,0.889025
920.01,0.888963
920.11,0.888901
920.21,0.888839
920.31,0.888778
920.41,0.888716
920.51,0.888654
920.61,0.888592
920.71,0.888531
920.81,0.888469
920.91,0.888407
921.01,0.888346
921.11,0.888284
921.21,0.888222
921.31,0.88816
921.41,0.888099
921.51,0.888037
921.61,0.887975
921.71,0.887913
921.81,0.887852
921.91,0.88779
922.01,0.887728
922.11,0.887667
922.21,0.887605
922.31,0.887543
922.41,0.887481
922.51,0.88742
922.61,0.887358
922.71,0.887296
922.81,0.887234
922.91,0.887173
923.01,0.887111
923.11,0.887049
923.21,0.886988
923.31,0.886926
923.41,0.886864
923.51,0.886802
923.61,0.886741
923.71,0.886679
923.81,0.886617
923.91,0.886555
924.01,0.886494
924.11,0.886432
924.21,0.88637
924.31,0.886309
924.41,0.886247
924.51,0.886185
924.61,0.886123
924.71,0.886062
924.81,0.886
924.91,0.885938
925.01,0.885876
925.11,0.885815
925.21,0.885753
925.31,0.885691
925.41,0.88563
925.51,0.885568
925.61,0.885506
925.71,0.885444
925.81,0.885383
925.91,0.885321
926.01,0.885259
926.11,0.885197
926.21,0.885136
926.31,0.885074
926.41,0.885012
926.51,0.884951
926.61,0.884889
926.71,0.884827
926.81,0.884765
926.91,0.884704
927.01,0.884642
927.11,0.88458
927.21,0.884518
927.31,0.884457
927.41,0.884395
927.51,0.884333
927.61,0.884271
927.71,0.88421
927.81,0.884148
927.91,0.884086
928.01,0.884025
928.11,0.883963
928.21,0.883901
928.31,0.883839
928.41,0.883778
928.51,0.883716
928.61,0.883654
928.71,0.883592
928.81,0.883531
928.91,0.883469
929.01,0.883407
929.11,0.883346
929.21,0.883284
929.31,0.883222
929.41,0.88316
929.51,0.883099
929.61,0.883037
929.71,0.882975
929.81,0.882913
929.91,0.882852
930.01,0.88279
930.11,0.882728
930.21,0.882667
930.31,0.882605
930.41,0.882543
930.51,0.882481
930.61,0.88242
930.71,0.882358
930.81,0.882296
930.91,0.882234
931.01,0.882173
931.11,0.882111
931.21,0.882049
931.31,0.881988
931.41,0.881926
931.51,0.881864
931.61,0.881802
931.71,0.881741
931.81,0.881679
931.91,0.881617
932.01,0.881555
932.11,0.881494
932.21,0.881432
932.31,0.88137
932.41,0.881309
932.51,0.881247
932.61,0.881185
932.71,0.881123
932.81,0.881062
932.91,0.881
933.01,0.880938
933.11,0.880876
933.21,0.880815
933.31,0.880753
933.41,0.880691
933.51,0.88063
933.61,0.880568
933.71,0.880506
933.81,0.880444
933.91,0.880383
934.01,0.880321
934.11,0.880259
934.21,0.880197
934.31,0.880136
934.41,0.880074
934.51,0.880012
934.61,0.879951
934.71,0.879889
934.81,0.879827
934.91,0.879765
935.01,0.879704
935.11,0.879642
935.21,0.87958
935.31,0.879518
935.41,0.879457
935.51,0.879395
935.61,0.879333
935.71,0.879271
935.81,0.87921
935.91,0.879148
936.01,0.879086
936.11,0.879025
936.21,0.878963
936.31,0.878901
936.41,0.878839
936.51,0.878778
936.61,0.878716
936.71,0.878654
936.81,0.878592
936.91,0.878531
937.01,0.878469
937.11,0.878407
937.21,0.878346
937.31,0.878284
937.41,0.878222
937.51,0.87816
937.61,0.878099
937.71,0.878037
937.81,0.877975
937.91,0.877913
938.01,0.877852
938.11,0.87779
938.21,0.877728
938.31,0.877667
938.41,0.877605
938.51,0.877543
938.61,0.877481
938.71,0.87742
938.81,0.877358
938.898,0.870097
938.898,0.870097
938.898,0.870097
938.898,0.870097
938.898,0.870097
938.898,0.870097
938.898,0.870097
938.898,0.870097
938.898,0.870097
938.898,0.758689
938.91,0.758682
939.01,0.75862
939.11,0.758559
939.21,0.758497
939.31,0.758435
939.41,0.758373
939.51,0.758312
939.61,0.75825
939.71,0.758188
939.81,0.758126
939.91,0.758065
940.01,0.758003
940.11,0.757941
940.21,0.75788
940.31,0.757818
940.41,0.757756
940.51,0.757694
940.61,0.757633
940.71,0.757571
940.81,0.757509
940.91,0.757447
941.01,0.757386
941.11,0.757324
941.21,0.757262
941.31,0.757201
941.41,0.757139
941.51,0.757077
941.61,0.757015
941.71,0.756954
941.81,0.756892
941.91,0.75683
942.01,0.756768
942.11,0.756707
942.21,0.756645
942.31,0.756583
942.41,0.756521
942.51,0.75646
942.61,0.756398
942.71,0.756336
942.81,0.756275
942.91,0.756213
943.01,0.756151
943.11,0.756089
943.21,0.756028
943.31,0.755966
943.41,0.755904
943.51,0.755842
943.61,0.755781
943.71,0.755719
943.81,0.755657
943.91,0.755596
944.01,0.755534
944.11,0.755472
944.21,0.75541
944.31,0.755349
944.41,0.755287
944.51,0.755225
944.61,0.755163
944.71,0.755102
944.81,0.75504
944.91,0.754978
945.01,0.754917
945.11,0.754855
945.21,0.754793
945.31,0.754731
945.41,0.75467
945.51,0.754608
945.61,0.754546
945.71,0.754484
945.81,0.754423
945.91,0.754361
946.01,0.754299
946.11,0.754238
946.21,0.754176
946.31,0.754114
946.41,0.754052
946.51,0.753991
946.61,0.753929
946.71,0.753867
946.81,0.753805
946.91,0.753744
947.01,0.753682
947.11,0.75362
947.21,0.753559
947.31,0.753497
947.41,0.753435
947.51,0.753373
947.61,0.753312
947.71,0.75325
947.81,0.753188
947.91,0.753126
948.01,0.753065
948.11,0.753003
948.21,0.752941
948.31,0.75288
948.41,0.752818
948.51,0.752756
948.61,0.752694
948.71,0.752633
948.81,0.752571
948.91,0.752509
949.01,0.752447
949.11,0.752386
949.21,0.752324
949.31,0.752262
949.41,0.752201
949.51,0.752139
949.61,0.752077
949.71,0.752015
949.81,0.751954
949.91,0.751892
950.01,0.75183
950.11,0.751768
950.21,0.751707
950.31,0.751645
950.41,0.751583
950.51,0.751521
950.61,0.75146
950.71,0.751398
950.81,0.751336
950.91,0.751275
951.01,0.751213
951.11,0.751151
951.21,0.751089
951.31,0.751028
951.41,0.750966
951.51,0.750904
951.61,0.750842
951.71,0.750781
951.81,0.750719
951.91,0.750657
952.01,0.750596
952.11,0.750534
952.21,0.750472
952.31,0.75041
952.41,0.750349
952.51,0.750287
952.61,0.750225
952.71,0.750163
952.81,0.750102
952.91,0.75004
953.01,0.749978
953.11,0.749917
953.21,0.749855
953.31,0.749793
953.41,0.749731
953.51,0.74967
953.61,0.749608
953.71,0.749546
953.81,0.749484
953.91,0.749423
954.01,0.749361
954.11,0.749299
954.21,0.749238
954.31,0.749176
954.41,0.749114
954.51,0.749052
954.61,0.748991
954.71,0.748929
954.81,0.748867
954.91,0.748805
955.01,0.748744
955.11,0.748682
955.21,0.74862
955.31,0.748559
955.41,0.748497
955.51,0.748435
955.61,0.748373
955.684,0.748373
955.71,0.748312
955.81,0.74825
955.91,0.748188
956.01,0.748126
956.11,0.748065
956.21,0.748003
956.31,0.747941
956.41,0.74788
956.51,0.747818
956.61,0.747756
956.71,0.747694
956.81,0.747633
956.91,0.747571
957.01,0.747509
957.11,0.747447
957.21,0.747386
957.31,0.747324
957.41,0.747262
957.51,0.747201
957.61,0.747139
957.71,0.747077
957.81,0.747015
957.91,0.746954
958.01,0.746892
958.11,0.74683
958.21,0.746768
958.31,0.746707
958.41,0.746645
958.51,0.746583
958.61,0.746521
958.71,0.74646
958.81,0.746398
958.91,0.746336
959.01,0.746275
959.11,0.746213
959.21,0.746151
959.31,0.746089
959.41,0.746028
959.51,0.745966
959.61,0.745904
959.71,0.745842
959.81,0.745781
959.91,0.745719
960.01,0.745657
960.11,0.745596
960.21,0.745534
960.31,0.745472
960.41,0.74541
960.51,0.745349
960.61,0.745287
960.71,0.745225
960.81,0.745163
960.91,0.745102
961.01,0.74504
961.11,0.744978
961.21,0.744917
961.31,0.744855
961.41,0.744793
961.51,0.744731
961.577,0.744719
961.61,0.744657
961.71,0.744595
961.81,0.744533
961.91,0.744472
962.01,0.74441
962.11,0.744348
962.21,0.744287
962.31,0.744225
962.41,0.744163
962.51,0.744101
962.61,0.74404
962.71,0.743978
962.81,0.743916
962.91,0.743854
963.01,0.743793
963.11,0.743731
963.21,0.743669
963.31,0.743607
963.41,0.743546
963.51,0.743484
963.61,0.743422
963.71,0.743361
963.81,0.743299
963.91,0.743237
964.01,0.743175
964.11,0.743114
964.21,0.743052
964.31,0.74299
964.41,0.742928
964.51,0.742867
964.61,0.742805
964.71,0.742743
964.81,0.742682
964.91,0.74262
965.01,0.742558
965.11,0.742496
965.21,0.742435
965.31,0.742373
965.41,0.742311
965.51,0.742249
965.61,0.742188
965.71,0.742126
965.81,0.742064
965.91,0.742003
966.01,0.741941
966.11,0.741879
966.21,0.741817
966.31,0.741756
966.41,0.741694
966.51,0.741632
966.61,0.74157
966.71,0.741509
966.81,0.741447
966.91,0.741385
967.01,0.741324
967.11,0.741262
967.21,0.7412
967.31,0.741138
967.41,0.741077
967.51,0.741015
967.61,0.740953
967.71,0.740891
967.81,0.74083
967.91,0.740768
968.01,0.740706
968.11,0.740645
968.21,0.740583
968.31,0.740521
968.41,0.740459
968.51,0.740398
968.61,0.740336
968.71,0.740274
968.81,0.740212
968.91,0.740151
969.01,0.740089
969.11,0.740027
969.21,0.739966
969.31,0.739904
969.41,0.739842
969.51,0.73978
969.61,0.739719
969.71,0.739657
969.81,0.739595
969.91,0.739533
970.01,0.739472
970.11,0.73941
970.21,0.739348
970.31,0.739287
970.41,0.739225
970.51,0.739163
970.61,0.739101
970.71,0.73904
970.81,0.738978
970.91,0.738916
971.01,0.738854
971.11,0.738793
971.21,0.738731
971.31,0.738669
971.41,0.738607
971.51,0.738546
971.61,0.738484
971.71,0.738422
971.81,0.738361
971.91,0.738299
972.01,0.738237
972.11,0.738175
972.21,0.738114
972.31,0.738052
972.41,0.73799
972.51,0.737928
972.61,0.737867
972.71,0.737805
972.81,0.737743
972.91,0.737682
973.01,0.73762
973.11,0.737558
973.21,0.737496
973.31,0.737435
973.41,0.737373
973.51,0.737311
973.61,0.737249
973.71,0.737188
973.81,0.737126
973.91,0.737064
974.01,0.737003
974.11,0.736941
974.21,0.736879
974.31,0.736817
974.41,0.736756
974.51,0.736694
974.61,0.736632
974.71,0.73657
974.81,0.736509
974.91,0.736447
975.01,0.736385
975.11,0.736324
975.21,0.736262
975.31,0.7362
975.41,0.736138
975.51,0.736077
975.61,0.736015
975.71,0.735953
975.81,0.735891
975.91,0.73583
976.01,0.735768
976.11,0.735706
976.21,0.735645
976.31,0.735583
976.41,0.735521
976.51,0.735459
976.61,0.735398
976.71,0.735336
976.81,0.735274
976.91,0.735212
977.01,0.735151
977.11,0.735089
977.21,0.735027
977.31,0.734966
977.41,0.734904
977.51,0.734842
977.61,0.73478
977.71,0.734719
977.81,0.734657
977.91,0.734595
978.01,0.734533
978.11,0.734472
978.21,0.73441
978.31,0.734348
978.41,0.734287
978.51,0.734225
978.61,0.734163
978.71,0.734101
978.81,0.73404
978.91,0.733978
979.01,0.733916
979.11,0.733854
979.21,0.733793
979.31,0.733731
979.41,0.733669
979.51,0.733607
979.61,0.733546
979.71,0.733484
979.81,0.733422
979.91,0.733361
980.005,0.733302
980.005,0.621894
980.105,0.621832
980.205,0.62177
980.305,0.621709
980.405,0.621647
980.505,0.621585
980.605,0.621523
980.705,0.621462
980.805,0.6214
980.905,0.621338
981.005,0.621276
981.105,0.621215
981.205,0.621153
981.305,0.621091
981.405,0.62103
981.505,0.620968
981.605,0.620906
981.705,0.620844
981.805,0.620783
981.905,0.620721
982.005,0.620659
982.105,0.620597
982.205,0.620536
982.305,0.620474
982.405,0.620412
982.505,0.620351
982.605,0.620289
982.705,0.620227
982.805,0.620165
982.905,0.620104
983.005,0.620042
983.105,0.61998
983.205,0.619918
983.305,0.619857
983.405,0.619795
983.505,0.619733
983.605,0.619672
983.705,0.61961
983.805,0.619548
983.905,0.619486
984.005,0.619425
984.105,0.619363
984.205,0.619301
984.305,0.619239
984.405,0.619178
984.505,0.619116
984.605,0.619054
984.705,0.618993
984.805,0.618931
984.905,0.618869
985.005,0.618807
985.105,0.618746
985.205,0.618684
985.305,0.618622
985.405,0.61856
985.505,0.618499
985.605,0.618437
985.705,0.618375
985.792,0.506927
985.805,0.506919
985.905,0.506857
986.005,0.506795
986.105,0.506733
986.205,0.506672
986.305,0.50661
986.405,0.506548
986.48,0.50644
986.505,0.506379
986.605,0.506317
986.705,0.506255
986.805,0.506193
986.905,0.506132
987.005,0.50607
987.105,0.506008
987.205,0.505946
987.305,0.505885
987.405,0.505823
987.505,0.505761
987.605,0.5057
987.705,0.505638
987.805,0.505576
987.905,0.505514
988.005,0.505453
988.105,0.505391
988.205,0.505329
988.305,0.505267
988.405,0.505206
988.505,0.505144
988.605,0.505082
988.705,0.505021
988.805,0.504959
988.905,0.504897
989.005,0.504835
989.105,0.504774
989.205,0.504712
989.305,0.50465
989.405,0.504588
989.505,0.504527
989.605,0.504465
989.705,0.504403
989.805,0.504342
989.905,0.50428
990.005,0.504218
990.105,0.504156
990.205,0.504095
990.305,0.504033
990.405,0.503971
990.505,0.503909
990.605,0.503848
990.705,0.503786
990.805,0.503724
990.905,0.503663
991.005,0.503601
991.105,0.503539
991.205,0.503477
991.305,0.503416
991.405,0.503354
991.505,0.503292
991.605,0.50323
991.705,0.503169
991.805,0.503107
991.905,0.503045
992.005,0.502984
992.105,0.502922
992.205,0.50286
992.305,0.502798
992.405,0.502737
992.505,0.502675
992.605,0.502613
992.705,0.502551
992.805,0.50249
992.905,0.502428
993.005,0.502366
993.105,0.502304
993.205,0.502243
993.305,0.502181
993.405,0.502119
993.505,0.502058
993.605,0.501996
993.705,0.501934
993.805,0.501872
993.905,0.501811
994.005,0.501749
994.105,0.501687
994.205,0.501625
994.305,0.501564
994.405,0.501502
994.505,0.50144
994.605,0.501379
994.705,0.501317
994.805,0.501255
994.905,0.501193
995.005,0.501132
995.105,0.50107
995.205,0.501008
995.305,0.500946
995.405,0.500885
995.505,0.500823
995.605,0.500761
995.705,0.5007
995.805,0.500638
995.905,0.500576
996.005,0.500514
996.105,0.500453
996.205,0.500391
996.305,0.500329
996.405,0.500267
996.505,0.500206
996.605,0.500144
996.705,0.500082
996.805,0.500021
996.905,0.499959
997.005,0.499897
997.105,0.499835
997.205,0.499774
997.305,0.499712
997.405,0.49965
997.505,0.499588
997.605,0.499527
997.705,0.499465
997.805,0.499403
997.905,0.499342
998.005,0.49928
998.105,0.499218
998.205,0.499156
998.305,0.499095
998.405,0.499033
998.505,0.498971
998.605,0.498909
998.705,0.498848
998.805,0.498786
998.905,0.498724
999.005,0.498663
999.105,0.498601
999.205,0.498539
999.305,0.498477
999.405,0.498416
999.505,0.498354
999.605,0.498292
999.705,0.49823
999.805,0.498169
999.905,0.498107
