./output/austin_30/17604/1/custo_1/
0,0
1,160
2,311
3,502
4,653
5,855
6,1075
7,1226
8,1418
9,1569
10,1720
./output/austin_30/17604/1/custo_2/
0,0
1,158
2,309
3,461
4,619
5,770
6,921
7,1089
8,1240
9,1391
10,1551
11,1702
./output/austin_30/17604/1/custo_4/
0,0
1,158
2,309
3,461
4,612
5,763
6,914
7,1091
8,1242
9,1442
10,1593
11,1795
./output/austin_30/18898/1/custo_1/
0,0
1,157
2,308
3,506
4,657
5,841
6,992
7,1180
8,1331
9,1523
10,1674
./output/austin_30/18898/1/custo_2/
0,0
1,158
2,309
3,504
4,719
5,870
6,1021
7,1195
8,1357
9,1508
10,1659
./output/austin_30/18898/1/custo_4/
0,0
1,158
2,309
3,460
4,615
5,770
6,922
7,1073
8,1224
9,1375
10,1526
11,1677
./output/austin_30/21997/1/custo_1/
0,0
./output/austin_30/21997/1/custo_2/
0,0
1,161
2,312
3,463
4,614
5,766
6,917
7,1074
8,1225
9,1376
10,1527
11,1678
./output/austin_30/21997/1/custo_4/
0,0
1,161
2,312
3,493
./output/austin_30/24689/1/custo_1/
0,0
1,157
2,308
3,497
4,649
5,800
6,959
7,1110
8,1301
9,1463
10,1650
./output/austin_30/24689/1/custo_2/
0,0
1,158
2,309
3,462
4,622
5,806
6,963
7,1114
8,1265
9,1429
10,1580
11,1787
./output/austin_30/24689/1/custo_4/
0,0
1,158
2,309
3,462
4,619
5,770
6,957
7,1108
8,1266
9,1417
10,1568
11,1733
./output/austin_30/25149/1/custo_1/
0,0
./output/austin_30/25149/1/custo_2/
0,0
1,159
2,310
3,461
4,618
5,769
6,920
7,1080
8,1231
9,1385
10,1541
11,1692
./output/austin_30/25149/1/custo_4/
0,0
1,159
2,310
3,461
4,621
5,772
6,973
7,1124
8,1278
9,1429
10,1580
11,1743
./output/austin_30/26095/1/custo_1/
0,0
1,159
2,310
3,501
4,652
5,842
6,994
7,1187
8,1338
9,1531
10,1682
./output/austin_30/26095/1/custo_2/
0,0
1,159
2,310
3,506
4,657
5,854
6,1072
7,1223
8,1374
9,1525
10,1688
./output/austin_30/26095/1/custo_4/
0,0
1,159
2,310
3,461
4,618
5,769
6,920
7,1081
8,1232
9,1435
10,1652
./output/austin_30/30487/1/custo_1/
0,0
1,159
2,310
3,500
4,652
5,863
6,1015
7,1191
8,1342
9,1540
10,1691
./output/austin_30/30487/1/custo_2/
0,0
1,159
2,310
3,461
4,615
5,766
6,917
7,1079
8,1230
9,1381
10,1537
11,1688
./output/austin_30/30487/1/custo_4/
0,0
1,159
2,310
3,461
4,618
5,770
6,921
7,1072
8,1223
9,1378
10,1535
11,1699
./output/austin_30/30534/1/custo_1/
0,0
1,159
2,310
3,500
4,651
5,802
6,959
7,1110
8,1261
9,1420
10,1571
11,1722
./output/austin_30/30534/1/custo_2/
0,0
1,160
2,311
3,462
4,627
5,778
6,970
7,1121
8,1272
9,1447
10,1598
./output/austin_30/30534/1/custo_4/
0,0
1,160
2,311
3,462
4,617
5,768
6,919
7,1075
8,1226
9,1377
10,1546
11,1697
./output/austin_30/34178/1/custo_1/
0,0
1,160
2,311
3,500
4,652
5,841
6,992
7,1185
8,1336
9,1526
10,1677
./output/austin_30/34178/1/custo_2/
0,0
1,159
2,310
3,499
4,650
5,801
6,973
7,1124
8,1279
9,1430
10,1582
11,1738
./output/austin_30/34178/1/custo_4/
0,0
1,159
2,310
3,506
4,657
5,856
6,1007
7,1200
8,1351
9,1550
10,1701
./output/austin_30/38099/1/custo_1/
0,0
1,162
2,313
3,503
4,655
5,850
6,1001
7,1195
8,1422
9,1635
10,1786
./output/austin_30/38099/1/custo_2/
0,0
1,160
2,311
3,505
4,656
5,857
6,1008
7,1201
8,1353
9,1586
10,1787
./output/austin_30/38099/1/custo_4/
0,0
1,160
2,311
3,462
4,620
5,771
6,957
7,1109
8,1261
9,1433
10,1592
11,1785
