35
280.5
115.47
115.219,115.46,115.155,110.475
650,450
0.0166877
275,175
349.486,212.806,207.547,342.087,507.521,205.78,120.51,197.607
349.486,212.806,207.544,342.086,507.522,205.781,128.69,196.408
275,175,275,175,349.486,212.806,275,175
0.01,0.01,0.01,0.0207054
1,1,1,1
0.539551,0.145996,0.0952148,0.0698242
65,65,65,65,65,65,65,65,65,65,65,65,65,65,65,65,65,65,65,65,65,65,65,65,65,65,65,65,65,65,65,65,65,65,65,65,65,65,65,65,65,65,65,65,65,65,65,65,65,65,65,65,65,65,65,65,65,65,65,65,65,65,65,65,65,65,65,65