34
280.5
115.47
115.219,115.46,115.155,110.475
650,450
0.0185419
275,175
349.486,212.806,207.544,342.086,507.522,205.781,128.69,196.408
349.486,212.806,207.533,342.08,507.524,205.784,141.467,194.534
275,175,275,175,349.486,212.806,275,175
0.01,0.01,0.01,0.0332228
1,1,1,1
0.539551,0.145996,0.0952148,0.0698242
65,65,65,65,65,65,65,65,65,65,65,65,65,65,65,65,65,65,65,65,65,65,65,65,65,65,65,65,65,65,65,65,65,65,65,65,65,65,65,65,65,65,65,65,65,65,65,65,65,65,65,65,65,65,65,65,65,65,65,65,65,65,65,65,65,65,65,65