39
280.5
115.47
115.219,115.46,115.155,110.475,111.628
650,450
0.0109488
275,175
350.472,214.127,207.548,342.088,540.776,250.285,112.753,198.742,329.6,148.792
349.486,212.806,207.548,342.088,507.521,205.78,112.753,198.742,426.452,104.4
275,175,275,175,350.472,214.127,275,175,275,175
0.01,0.01,0.01,0.01,0.133491
1,1,1,1,1
0.501465,0.145996,0.0825195,0.0698242,0.0507812
65,65,65,65,65,65,65,65,65,65,65,65,65,65,65,65,65,65,65,65,65,65,65,65,65,65,65,65,65,65,65,65,65,65,65,65,65,65,65,65,65,65,65,65,65,65,65,65,65,65,65,65,65,65,65,65,65,65,65,65,65,65,65,65,65,65,65,65