33
280.5
115.47
115.219,115.46,115.155,108.085
650,450
0.0206021
275,175
349.486,212.806,207.533,342.08,507.524,205.784,141.467,194.534
349.488,212.809,207.51,342.067,507.559,205.83,161.318,191.605
275,175,275,175,349.486,212.806,275,175
0.01,0.01,0.01,0.0558199
1,1,1,1
0.539551,0.145996,0.0952148,0.0634766
65,65,65,65,65,65,65,65,65,65,65,65,65,65,65,65,65,65,65,65,65,65,65,65,65,65,65,65,65,65,65,65,65,65,65,65,65,65,65,65,65,65,65,65,65,65,65,65,65,65,65,65,65,65,65,65,65,65,65,65,65,65,65,65,65,65,0,65