38
280.5
115.47
115.219,115.46,115.155,110.475,0
650,450
0.0121653
275,175
349.486,212.806,207.548,342.088,507.521,205.78,112.753,198.742,426.452,104.4
349.486,212.806,207.548,342.088,507.521,205.78,112.753,198.742,426.452,104.4
275,175,275,175,349.486,212.806,275,175,275,175
0.01,0.01,0.01,0.01,0.2
1,1,1,1,1
0.539551,0.145996,0.0952148,0.0698242,0
65,65,65,65,65,65,65,65,65,65,65,65,65,65,65,65,65,65,65,65,65,65,65,65,65,65,65,65,65,65,65,65,65,65,65,65,65,65,65,65,65,65,65,65,65,65,65,65,65,65,65,65,65,65,65,65,65,65,65,65,65,65,65,65,65,65,65,65