35
280.5
115.47
115.032,115.453,115.03,111.207
650,450
0.0166877
275,175
347.747,212.611,204.093,346.576,509.048,208.273,123.078,195.596
347.747,212.611,204.088,346.574,509.048,208.273,131.689,194.426
275,175,275,175,347.747,212.611,275,175
0.01,0.01,0.01,0.0194605
1,1,1,1
0.723633,0.145996,0.0888672,0.0698242
65,65,65,65,65,65,65,65,65,65,65,65,65,65,65,65,65,65,65,65,65,65,65,65,65,65,65,65,65,65,65,65,65,65,65,65,65,65,65,65,65,65,65,65,65,65,65,65,65,65,65,65,65,65,65,65,65,65,65,65,65,65,65,65,65,65,65,65,65,65,65,65,65,65,65,65,65,65,65,65,65,65