39
280.5
115.47
115.032,115.453,115.03,111.207,47.1326
650,450
0.0109488
275,175
348.462,213.591,204.095,346.577,538.685,248.867,115.61,196.609,321.575,152.464
347.747,212.611,204.094,346.577,509.048,208.273,115.61,196.609,430,100
275,175,275,175,348.462,213.591,275,175,275,175
0.01,0.01,0.01,0.01,0.135937
1,1,1,1,1
0.660156,0.145996,0.0888672,0.0698242,0.0634766
65,65,65,65,65,65,65,65,65,65,65,65,65,65,65,65,65,65,65,65,65,65,65,65,65,65,65,65,65,65,65,65,65,65,65,65,65,65,65,65,65,65,65,65,65,65,65,65,65,65,65,65,65,65,65,65,65,65,65,65,65,65,65,65,65,65,65,65,65,65,65,65,65,65,65,65,65,65,65,65,65,65