40
280.5
115.47
115.032,115.453,115.03,111.207,87.3639
650,450
0.00985392
275,175
353.912,205.996,204.095,346.577,539.035,248.381,115.61,196.609,391.396,153.778
348.462,213.591,204.095,346.577,538.685,248.867,115.61,196.609,321.575,152.464
275,175,275,175,353.912,205.996,275,175,353.912,205.996
0.01,0.01,0.01,0.01,0.0601387
1,1,1,1,1
0.717285,0.145996,0.0825195,0.0698242,0.0126953
65,65,65,65,65,65,65,65,65,65,65,65,65,65,65,65,65,65,65,65,65,65,65,65,65,65,65,65,65,65,65,65,65,65,65,65,65,65,65,65,65,65,65,65,65,65,65,65,65,65,65,65,65,65,65,65,65,65,65,65,65,65,65,65,65,65,65,65,65,65,65,65,65,65,65,65,65,65,65,65,65,65