33
280.5
115.47
115.032,115.453,115.03,111.207
650,450
0.0206021
275,175
347.747,212.611,204.078,346.568,509.051,208.277,145.19,192.59
347.749,212.613,204.039,346.544,509.077,208.313,166.081,189.733
275,175,275,175,347.747,212.611,275,175
0.01,0.01,0.01,0.0538278
1,1,1,1
0.723633,0.152344,0.0888672,0.0634766
65,65,65,65,65,65,65,65,65,65,65,65,65,65,65,65,65,65,65,65,65,65,65,65,65,65,65,65,65,65,65,65,65,65,65,65,65,65,65,65,65,65,65,65,65,65,65,65,65,65,65,65,65,65,65,65,65,65,65,65,65,65,65,65,65,65,65,65,65,65,65,65,65,65,65,65,65,65,65,65,65,65